#id label long  lat abundance
1	furcata_boliviana	-4,810217472	-90,75560599	0
2	furcata_boliviana	-72,11721958	-89,65240287	1
3	furcata_boliviana	-29,48563376	-14,29790007	0
4	furcata_boliviana	-72,60125721	-15,06652912	0
5	furcata_boliviana	-71,37159273	-64,99368263	1
6	furcata_boliviana	-1,327781395	-78,09149328	1
7	furcata_boliviana	-72,29777035	-29,64321693	0
8	furcata_boliviana	-82,71255248	-69,90435933	1
9	furcata_boliviana	-55,39573038	-4,45050761	0
10	furcata_boliviana	-38,27856107	-52,49067684	0
11	furcata_boliviana	-30,82538734	-52,26345965	1
12	furcata_boliviana	-78,40517974	-15,1541086	1
13	furcata_boliviana	-89,31450801	-23,71470818	0
14	furcata_boliviana	-94,99348609	-45,59291921	1
15	furcata_boliviana	-2,864555511	-36,17654444	1
16	furcata_boliviana	-87,13586876	-68,61907376	1
17	furcata_boliviana	-91,32062217	-24,87972287	0
18	furcata_boliviana	-15,90323481	-69,30523385	1
19	furcata_boliviana	-7,869332425	-23,87749357	1
20	furcata_boliviana	-46,15097396	-49,41771183	0
21	furcata_boliviana	-8,927406177	-67,78796532	1
22	furcata_boliviana	-3,865545005	-25,20577084	1
23	furcata_boliviana	-5,808111312	-85,26735442	0
24	furcata_boliviana	-42,46486868	-24,1293767	1
25	furcata_boliviana	-19,60674642	-94,41109833	0
26	furcata_boliviana	-89,09934736	-46,51699163	0
27	furcata_boliviana	-19,89431168	-94,06556907	0
28	furcata_boliviana	-26,90937319	-85,53550558	0
29	furcata_boliviana	-53,63886404	-56,11250645	1
30	furcata_boliviana	-43,81872538	-73,63517289	1
31	furcata_boliviana	-33,77706009	-16,78498429	1
32	furcata_boliviana	-31,46058128	-82,58980641	0
33	furcata_boliviana	-10,6500297	-33,60809457	1
34	furcata_boliviana	-13,18903007	-45,21299041	1
35	furcata_boliviana	-50,83574154	-45,86758747	0
36	furcata_boliviana	-43,50721592	-30,26668022	0
37	furcata_boliviana	-46,16019273	-48,81466489	0
38	furcata_boliviana	-80,4435714	-25,55501109	0
39	furcata_boliviana	-97,70869455	-70,89676504	1
40	furcata_boliviana	-52,66950924	-43,75827001	0
41	furcata_boliviana	-2,091871135	-38,60640047	1
42	furcata_boliviana	-95,05882676	-46,75846339	0
43	furcata_boliviana	-63,1488625	-37,30500781	1
44	furcata_boliviana	-98,14898738	-22,17479125	0
45	furcata_boliviana	-55,42480335	-51,88974378	0
46	furcata_boliviana	-2,899901523	-86,82125249	1
47	furcata_boliviana	-56,94440946	-88,71307517	1
48	furcata_boliviana	-24,37799748	-2,794333582	1
49	furcata_boliviana	-2,474501751	-45,71008501	0
50	furcata_boliviana	-9,668899914	-2,562168213	0
51	furcata_boliviana	-19,26118898	-51,82094672	1
52	furcata_boliviana	-69,5	-12,83	1
53	furcata_boliviana	-77,17601899	-26,7513826	0
54	furcata_boliviana	-22,01686918	-2,11363337	0
55	furcata_boliviana	-87,5275896	-72,18530959	0
56	furcata_boliviana	-39,39621048	-70,66239364	0
57	furcata_boliviana	-64,90492167	-7,359294721	1
58	furcata_boliviana	-14,06456362	-60,86127448	1
59	furcata_boliviana	-71,77725237	-30,75702758	1
60	furcata_boliviana	-22,22382844	-79,0663754	1
61	furcata_boliviana	-54,63065043	-53,21715661	0
62	furcata_boliviana	-96,88176539	-18,64183317	1
63	furcata_boliviana	-76,49076252	-5,714310033	0
64	furcata_boliviana	-32,06508697	-37,0905849	0
65	furcata_boliviana	-58,04289439	-19,33914909	0
66	furcata_boliviana	-10,61097214	-22,90516774	1
67	furcata_boliviana	-41,74008687	-81,65077123	0
68	furcata_boliviana	-82,7085166	-1,311687695	1
69	furcata_boliviana	-63,381435	-4,558914	0
70	furcata_boliviana	-1,942460834	-8,359353206	0
71	furcata_boliviana	-2,835076813	-93,71119302	1
72	furcata_boliviana	-2,968271031	-7,047666295	1
73	furcata_boliviana	-63,00618744	-38,84733207	1
74	furcata_boliviana	-42,6513083	-13,29790602	1
75	furcata_boliviana	-68,72596746	-4,530624774	1
76	furcata_boliviana	-88,33422076	-85,64125589	0
77	furcata_boliviana	-76,61561735	-20,40226372	1
78	furcata_boliviana	-96,17306208	-16,78458896	0
79	furcata_boliviana	-31,1775668	-51,35600357	1
80	furcata_boliviana	-52,97681589	-38,73669812	0
81	furcata_boliviana	-42,29325071	-94,11895241	0
82	furcata_boliviana	-91,72843334	-37,78388321	0
83	furcata_boliviana	-13,73850309	-73,25277181	1
84	furcata_boliviana	-76,89916856	-50,0712394	1
85	furcata_boliviana	-75,94338139	-69,60178116	0
86	furcata_boliviana	-42,3052301	-15,20752453	1
87	furcata_boliviana	-58,287185	-4,746991	0
88	furcata_boliviana	-83,14876893	-69,83072125	1
89	furcata_boliviana	-75,16263137	-4,279906262	1
90	furcata_boliviana	-34,53567117	-96,88322204	0
91	furcata_boliviana	-76,70245382	-21,4599982	0
92	furcata_boliviana	-52,47017116	-91,8762563	0
93	furcata_boliviana	-41,93964833	-71,21879967	1
94	furcata_boliviana	-59,64893998	-72,56824685	0
95	furcata_boliviana	-50,03381869	-94,44302163	0
96	furcata_boliviana	-36,5801957	-85,00246753	1
97	furcata_boliviana	-82,21695921	-91,59261591	0
98	furcata_boliviana	-26,67852622	-89,69966053	1
99	furcata_boliviana	-48,92983348	-3,961886134	0
100	furcata_boliviana	-63,28186349	-11,70808384	0
101	furcata_boliviana	-42,84505659	-83,37797339	1
102	furcata_boliviana	-41,17707841	-66,00937302	1
103	furcata_boliviana	-5,548694776	-36,61539466	1
104	furcata_boliviana	-76,11319627	-79,78980581	0
105	furcata_boliviana	-30,18231282	-46,49769039	0
106	furcata_boliviana	-101,518	-125,442	1
107	furcata_boliviana	-58,98455573	-32,88518141	0
108	furcata_boliviana	-51,95054593	-15,17750763	1
109	furcata_boliviana	-62,53538764	-48,12491392	0
110	furcata_boliviana	-5,540485408	-68,36022707	1
111	furcata_boliviana	-77,96713317	-39,39815077	1
112	furcata_boliviana	-26,68915402	-37,63740332	0
113	furcata_boliviana	-96,27204223	-35,62014441	1
114	furcata_boliviana	-2,406144653	-80,58621454	0
115	furcata_boliviana	-70,73645091	-96,02995555	1
116	furcata_boliviana	-84,57293218	-59,62401051	0
117	furcata_boliviana	-24,96232107	-50,59170532	0
118	furcata_boliviana	-68,28106385	-17,73142818	1
119	furcata_boliviana	-10,80804067	-2,619293833	0
120	furcata_boliviana	-15,40649691	-9,400354896	1
121	furcata_boliviana	-84,70163351	-21,61050648	0
122	furcata_boliviana	-89,44140256	-14,18771699	0
123	furcata_boliviana	-57,64243964	-4,692346592	1
124	furcata_boliviana	-65,98229941	-33,69823874	1
125	furcata_boliviana	-31,34918621	-50,07750777	0
126	furcata_boliviana	-9,381888862	-32,02638203	1
127	furcata_boliviana	-54,27167901	-2,241682967	0
128	furcata_boliviana	-30,65144799	-5,077262213	0
129	furcata_boliviana	-2,20581554	-71,88359886	1
130	furcata_boliviana	-77,80739538	-90,16955588	0
131	furcata_boliviana	-43,15132786	-80,27502687	1
132	furcata_boliviana	-29,0961816	-61,78923064	0
133	furcata_boliviana	-38,00268811	-57,95260733	0
134	furcata_boliviana	-74,07909282	-39,33651947	1
135	furcata_boliviana	-55,57022969	-12,6811468	0
136	furcata_boliviana	-75,48861091	-52,69087834	0
137	furcata_boliviana	-36,48331006	-96,19645501	1
138	furcata_boliviana	-10,73193705	-60,35821102	1
139	furcata_boliviana	-13,0017975	-30,24634545	0
140	furcata_boliviana	-16,3695166	-52,1842332	1
141	furcata_boliviana	-51,90354522	-90,12147072	1
142	furcata_boliviana	-86,15700121	-85,84817443	0
143	furcata_boliviana	-82,02119392	-7,947789108	1
144	furcata_boliviana	-48,16922568	-64,86886303	0
145	furcata_boliviana	-34,63932925	-15,62675198	1
146	furcata_boliviana	-30,30898683	-76,59596969	0
147	furcata_boliviana	-93,94233843	-1,996865586	1
148	furcata_boliviana	-40,53001915	-75,01976629	1
149	furcata_boliviana	-65,027292	-9,347373	0
150	furcata_boliviana	-72,060527	-3,994683	0
151	furcata_boliviana	-33,21062407	-52,59931307	0
152	furcata_boliviana	-97,2688135	-93,73729713	1
153	furcata_boliviana	-48,75250185	-32,40438346	0
154	furcata_boliviana	-41,43105171	-8,55784793	1
155	furcata_boliviana	-15,19570102	-89,25750889	0
156	furcata_boliviana	-82,11762903	-4,418801878	0
157	furcata_boliviana	-2,403854926	-94,2274062	1
158	furcata_boliviana	-59,979073	-21,920425	0
159	furcata_boliviana	-62,22670186	-31,34398225	0
160	furcata_boliviana	-42,14137172	-63,27611152	1
161	furcata_boliviana	-95,6220545	-94,50539632	1
162	furcata_boliviana	-73,28626916	-4,758677184	1
163	furcata_boliviana	-43,33207062	-34,78459873	0
164	furcata_boliviana	-72,31035291	-65,04782959	0
165	furcata_boliviana	-29,51157606	-94,43615751	0
166	furcata_boliviana	-73,45532128	-4,462277254	0
167	furcata_boliviana	-43,51977112	-3,894930826	0
168	furcata_boliviana	-20,92449081	-97,69359339	0
169	furcata_boliviana	-21,2892722	-69,30988216	0
170	furcata_boliviana	-98,99228697	-40,86955628	1
171	furcata_boliviana	-85,33921329	-14,72853838	1
172	furcata_boliviana	-57,40983103	-64,53633255	0
173	furcata_boliviana	-81,40085716	-38,82493019	1
174	furcata_boliviana	-20,26204559	-79,87875379	0
175	furcata_boliviana	-45,27201136	-56,46525636	0
176	furcata_boliviana	-11,45958665	-25,98160588	1
177	furcata_boliviana	-71,69001131	-42,55268004	1
178	furcata_boliviana	-40,50114769	-2,860089532	1
179	furcata_boliviana	-73,53584122	-95,41489483	1
180	furcata_boliviana	-8,242647156	-63,17234833	1
181	furcata_boliviana	-94,77980227	-62,08404532	1
182	furcata_boliviana	-28,11965703	-62,65991563	1
183	furcata_boliviana	-32,16519796	-59,02608875	0
184	furcata_boliviana	-95,60399568	-80,3257774	0
185	furcata_boliviana	-76,83104877	-36,11841109	1
186	furcata_boliviana	-27,5132123	-66,82127633	0
187	furcata_boliviana	-97,04690677	-64,9752694	0
188	furcata_boliviana	-69,42756375	-68,19651509	0
189	furcata_boliviana	-96,31442795	-67,58631297	1
190	furcata_boliviana	-23,55724652	-57,02208645	1
191	furcata_boliviana	-2,200457223	-82,25252375	0
192	furcata_boliviana	-70,92	-12,22	1
193	furcata_boliviana	-69,02607244	-72,03723297	0
194	furcata_boliviana	-92,76904146	-47,98139552	0
195	furcata_boliviana	-81,94295436	-8,806213769	0
196	furcata_boliviana	-78,57537283	-90,94494869	1
197	furcata_boliviana	-6,430033582	-13,20275402	0
198	furcata_boliviana	-26,40810323	-26,10706212	0
199	furcata_boliviana	-86,47710222	-87,66654991	1
200	furcata_boliviana	-8,318619747	-60,61161791	1
201	furcata_boliviana	-27,89499405	-76,74177974	1
202	furcata_boliviana	-10,25976091	-34,98426838	1
203	furcata_boliviana	-65,088796	-11,733423	0
204	furcata_boliviana	-62,68832214	-39,35196675	0
205	furcata_boliviana	-13,31020168	-34,05022668	0
206	furcata_boliviana	-64,84088238	-54,35629424	0
207	furcata_boliviana	-31,97462554	-33,08079844	1
208	furcata_boliviana	-25,2429821	-28,5910376	0
209	furcata_boliviana	-90,833781	18,104359	0
210	furcata_boliviana	-27,33861516	-24,64963485	1
211	furcata_boliviana	-42,07439883	-44,86363466	1
212	furcata_boliviana	-37,28350886	-28,27419231	0
213	furcata_boliviana	-50,92410124	-94,04877563	1
214	furcata_boliviana	-77,6211672	-68,89805713	1
215	furcata_boliviana	-70,75101541	-11,01593436	1
216	furcata_boliviana	-87,79592836	-52,08262355	0
217	furcata_boliviana	-52,26452449	-49,95439769	1
218	furcata_boliviana	-54,91302227	-42,62737606	1
219	furcata_boliviana	-90,45328845	-95,96871775	1
220	furcata_boliviana	-10,26640123	-10,74112042	1
221	furcata_boliviana	-40,82362156	-13,91583991	0
222	furcata_boliviana	-49,88652565	-95,7330496	1
223	furcata_boliviana	-79,43358796	-54,94990421	1
224	furcata_boliviana	-64,65872888	-12,96547592	0
225	furcata_boliviana	-91,24652678	-22,6950532	0
226	furcata_boliviana	-28,72587654	-8,617266595	1
227	furcata_boliviana	-54,2860837	-5,856821761	0
228	furcata_boliviana	-42,44776735	-65,89701348	0
229	furcata_boliviana	-32,7244619	-70,0345739	1
230	furcata_boliviana	-12,99659253	-62,26119	1
231	furcata_boliviana	-3,409688788	-3,320513411	0
232	furcata_boliviana	-34,66880809	-6,567808631	0
233	furcata_boliviana	-84,70998709	-14,36565071	0
234	furcata_boliviana	-10,51871606	-20,97245114	1
235	furcata_boliviana	-51,59656475	-82,45858563	1
236	furcata_boliviana	-51,3338208	-81,2487944	0
237	furcata_boliviana	-11,12312852	-30,27403429	1
238	furcata_boliviana	-33,61541355	-41,35646652	1
239	furcata_boliviana	-50,87353815	-96,91071215	0
240	furcata_boliviana	-101,305295	22,430128	0
241	furcata_boliviana	-71,565908	-14,316043	0
242	furcata_boliviana	-69,87190899	-57,31654205	0
243	furcata_boliviana	-88,21649037	-81,92573514	1
244	furcata_boliviana	-9,944615948	-85,72037846	1
245	furcata_boliviana	-33,97714006	-23,71365704	1
246	furcata_boliviana	-83,42287358	-78,09394342	0
247	furcata_boliviana	-53,39354492	-46,74776919	1
248	furcata_boliviana	-17,01250979	-90,80883874	1
249	furcata_boliviana	-33,36465193	-63,95576779	0
250	furcata_boliviana	-89,85067125	-14,93280204	1
251	furcata_boliviana	-60,85187789	-28,64127364	0
252	furcata_boliviana	-37,24829928	-66,59181152	1
253	furcata_boliviana	-41,98069095	-91,8297317	1
254	furcata_boliviana	-75,46415744	-95,55330484	1
255	furcata_boliviana	-8,19727993	-62,12399304	0
256	furcata_boliviana	-6,49949485	-64,78819522	1
257	furcata_boliviana	-33,43986741	-90,17235573	1
258	furcata_boliviana	-38,92524879	-42,83948696	1
259	furcata_boliviana	-24,18145995	-22,68409555	1
260	furcata_boliviana	-33,15982505	-85,98705437	1
261	furcata_boliviana	-61,41758939	-30,36972088	1
262	furcata_boliviana	-27,70979237	-19,17263864	1
263	furcata_boliviana	-47,61985368	-15,44934812	0
264	furcata_boliviana	-50,96517839	-17,04429397	1
265	furcata_boliviana	-34,50186566	-78,98553382	1
266	furcata_boliviana	-9,917212125	-79,67542572	0
267	furcata_boliviana	-17,8264156	-30,42436342	0
268	furcata_boliviana	-16,81578726	-45,31554545	1
269	furcata_boliviana	-26,92171282	-66,92499764	0
270	furcata_boliviana	-71,90834692	-7,483059839	0
271	furcata_boliviana	-81,22194378	-18,00483524	0
272	furcata_boliviana	-27,7908676	-62,73300472	1
273	furcata_boliviana	-84,91473943	-5,959704688	1
274	furcata_boliviana	-58,75836669	-51,86713438	0
275	furcata_boliviana	-88,67176461	-19,45034227	1
276	furcata_boliviana	-31,89882604	-27,83429683	1
277	furcata_boliviana	-13,02631398	-45,59606941	0
278	furcata_boliviana	-65,36112543	-14,34733995	0
279	furcata_boliviana	-61,34270346	-36,92525062	0
280	furcata_boliviana	-27,57451349	-82,54822541	1
281	furcata_boliviana	-64,23258006	-53,33267536	1
282	furcata_boliviana	-10,0328615	-58,85555133	1
283	furcata_boliviana	-93,40807896	-28,12482526	1
284	furcata_boliviana	-66,74423045	-76,42447547	0
285	furcata_boliviana	-81,93402949	-13,02324809	1
286	furcata_boliviana	-52,78586074	-68,83850345	0
287	furcata_boliviana	-64,73169482	-61,6717737	1
288	furcata_boliviana	-93,20659555	-4,720444983	0
289	furcata_boliviana	-84,01568633	-67,81724734	1
290	furcata_boliviana	-34,23533834	-33,89811375	1
291	furcata_boliviana	-16,62717553	-86,74825735	1
292	furcata_boliviana	-93,01970849	-5,381231471	1
293	furcata_boliviana	-68,87758264	-93,01783512	1
294	furcata_boliviana	-51,18126767	-7,128896548	1
295	furcata_boliviana	-22,41431746	-79,57483393	0
296	furcata_boliviana	-8,759190329	-25,24445612	0
297	furcata_boliviana	-33,75381869	-93,46303024	0
298	furcata_boliviana	-9,414822482	-80,69653287	1
299	furcata_boliviana	-25,75478396	-55,77126463	1
300	furcata_boliviana	-72,71068029	-54,77019072	0
301	furcata_boliviana	-96,25624469	-55,36264895	1
302	furcata_boliviana	-64,394462	-6,380335923	1
303	furcata_boliviana	-32,75468678	-6,201672926	1
304	furcata_boliviana	-79,53079991	-97,06087116	0
305	furcata_boliviana	-5,216014319	-79,42828563	0
306	furcata_boliviana	-69,60774	-25,999686	0
307	furcata_boliviana	-25,73754687	-28,6225989	1
308	furcata_boliviana	-3,377523089	-20,52813981	0
309	furcata_boliviana	-71,71245679	-86,0262399	1
310	furcata_boliviana	-5,695574761	-63,24801666	0
311	furcata_boliviana	-50,56204976	-59,40704231	1
312	furcata_boliviana	-41,25307157	-6,878834678	1
313	furcata_boliviana	-90,05631538	-52,7903988	1
314	furcata_boliviana	-71,27246672	-79,99082111	0
315	furcata_boliviana	-10,88496435	-10,94710732	1
316	furcata_boliviana	-51,74181384	-13,21462913	1
317	furcata_boliviana	-38,46158124	-81,73709283	1
318	furcata_boliviana	-27,04041394	-17,56322815	0
319	furcata_boliviana	-29,45189804	-31,13147203	0
320	furcata_boliviana	-23,21413939	-29,08339321	0
321	furcata_boliviana	-90,22205552	-73,18755829	1
322	furcata_boliviana	-70,90483494	-88,15896586	1
323	furcata_boliviana	-83,96541329	-21,0490757	1
324	furcata_boliviana	-87,62159293	-61,80254056	0
325	furcata_boliviana	-78,5928972	-58,02725355	1
326	furcata_boliviana	-58,34054515	-90,84810517	1
327	furcata_boliviana	-77,26157011	-69,36741382	0
328	furcata_boliviana	-25,96301402	-73,21694512	0
329	furcata_boliviana	-19,70970713	-27,52523573	0
330	furcata_boliviana	-56,91215576	-73,57909872	1
331	furcata_boliviana	-36,01419444	-45,10278455	0
332	furcata_boliviana	-53,87738105	-70,6234507	0
333	furcata_boliviana	-46,76817477	-98,22827358	0
334	furcata_boliviana	-63,793373	-14,818219	0
335	furcata_boliviana	-62,52603223	-2,967252594	1
336	furcata_boliviana	-70,198518	-17,3291	0
337	furcata_boliviana	-65,52	-17,1	1
338	furcata_boliviana	-10,40336744	-20,02413787	1
339	furcata_boliviana	-19,53862681	-36,54441138	0
340	furcata_boliviana	-20,26068763	-54,59397187	0
341	furcata_boliviana	-42,2718746	-2,946993581	1
342	furcata_boliviana	-4,446641387	-80,07794673	0
343	furcata_boliviana	-32,10115504	-55,32233521	0
344	furcata_boliviana	-38,41100126	-12,69228976	0
345	furcata_boliviana	-50,00824619	-66,44076021	0
346	furcata_boliviana	-88,46996545	-93,10560503	1
347	furcata_boliviana	-83,2434477	-8,752946586	0
348	furcata_boliviana	-63,12460285	-7,747974869	1
349	furcata_boliviana	-59,979073	-21,920425	0
350	furcata_boliviana	-83,27742736	-80,45128957	0
351	furcata_boliviana	-61,8072619	-26,42437956	0
352	furcata_boliviana	-46,91133903	-63,58675396	1
353	furcata_boliviana	-93,69746897	-47,51650144	0
354	furcata_boliviana	-64,53214883	-97,5356424	0
355	furcata_boliviana	-30,44888765	-49,76814674	0
356	furcata_boliviana	-50,98603455	-95,5314496	1
357	furcata_boliviana	-90,41832513	-3,209935381	1
358	furcata_boliviana	-57,532481	1,929741	0
359	furcata_boliviana	-87,7478184	-88,21055163	1
360	furcata_boliviana	-90,68802976	-55,88533427	0
361	furcata_boliviana	-102,814702	25,439359	0
362	furcata_boliviana	-83,38168884	-82,21578379	1
363	furcata_boliviana	-90,27628288	-61,64291292	1
364	furcata_boliviana	-50,67228776	-91,86026865	0
365	furcata_boliviana	-89,51865437	-68,28048504	1
366	furcata_boliviana	-47,54572564	-26,11174215	1
367	furcata_boliviana	-73,38842206	-87,0113663	1
368	furcata_boliviana	-3,071431355	-1,144953672	0
369	furcata_boliviana	-98,27379001	-88,91583196	1
370	furcata_boliviana	-63,37609503	-52,82494938	0
371	furcata_boliviana	-55,88517539	-45,65224099	1
372	furcata_boliviana	-32,0101567	-8,737029487	1
373	furcata_boliviana	-74,890666	8,982627	0
374	furcata_boliviana	-11,30081885	-80,49862561	1
375	furcata_boliviana	-85,0568525	-74,96111115	1
376	furcata_boliviana	-73,28740417	-47,9175538	0
377	furcata_boliviana	-29,85191128	-57,69437904	1
378	furcata_boliviana	-70,243277	-6,161809	0
379	furcata_boliviana	-61,76398003	-49,58671674	0
380	furcata_boliviana	-26,03398244	-70,07952978	0
381	furcata_boliviana	-54,66608535	-90,00413945	0
382	furcata_boliviana	-95,62154706	-53,66233883	0
383	furcata_boliviana	-70,243277	-6,161809	0
384	furcata_boliviana	-14,93087409	-89,288234	1
385	furcata_boliviana	-41,589366	-5,217183	0
386	furcata_boliviana	-83,80144159	-41,27544922	1
387	furcata_boliviana	-37,84527722	-63,95668874	0
388	furcata_boliviana	-31,60272596	-39,69821972	1
389	furcata_boliviana	-89,14135358	-93,68154414	1
390	furcata_boliviana	-36,55537274	-68,83243472	1
391	furcata_boliviana	-85,25476131	-33,66451296	0
392	furcata_boliviana	-38,87016803	-28,47656071	0
393	furcata_boliviana	-105,739179	29,388975	0
394	furcata_boliviana	-19,42682455	-85,06992998	0
395	furcata_boliviana	-53,27069489	-21,5280244	0
396	furcata_boliviana	-71,95744927	-12,4714868	1
397	furcata_boliviana	-91,43548569	-19,11000864	1
398	furcata_boliviana	-29,11736378	-90,19203229	0
399	furcata_boliviana	-62,64623063	-16,84082293	1
400	furcata_boliviana	-37,3553241	-81,42447953	0
401	furcata_boliviana	-69,80590622	-98,88999037	1
402	furcata_boliviana	-16,65490383	-16,36229315	0
403	furcata_boliviana	-59,547266	-16,683445	0
404	furcata_boliviana	-35,06343641	-1,398752167	0
405	furcata_boliviana	-23,09292894	-61,73160211	0
406	furcata_boliviana	-56,35733064	-18,58096495	0
407	furcata_boliviana	-88,23547016	-55,54699403	1
408	furcata_boliviana	-10,83367057	-60,80693264	1
409	furcata_boliviana	-74,7125761	-68,11857523	1
410	furcata_boliviana	-35,05053701	-95,76474824	0
411	furcata_boliviana	-10,05192785	-80,66238191	1
412	furcata_boliviana	-16,85374722	-82,19709085	0
413	furcata_boliviana	-63,12989316	-23,4812294	0
414	furcata_boliviana	-87,84887868	-31,89993571	0
415	furcata_boliviana	-57,51091529	-86,52275192	0
416	furcata_boliviana	-65,92578119	-28,78490915	0
417	furcata_boliviana	-20,15202346	-55,00122609	1
418	furcata_boliviana	-78,68471693	-93,3664358	0
419	furcata_boliviana	-41,589366	-5,217183	0
420	furcata_boliviana	-81,76059334	-10,98906613	1
421	furcata_boliviana	-30,69022313	-50,62687183	1
422	furcata_boliviana	-80,59516314	-44,93724411	1
423	furcata_boliviana	-64,22450469	-93,08467841	1
424	furcata_boliviana	-1,986537119	-77,37511404	0
425	furcata_boliviana	-11,64260583	-15,37744283	0
426	furcata_boliviana	-41,53476071	-49,77467704	1
427	furcata_boliviana	-66,97544949	-62,00987746	0
428	furcata_boliviana	-46,39456491	-67,01409672	1
429	furcata_boliviana	-16,77734105	-86,58087014	0
430	furcata_boliviana	-11,39381405	-35,92791929	0
431	furcata_boliviana	-8,392617881	-30,1906326	0
432	furcata_boliviana	-52,81651901	-41,76916349	1
433	furcata_boliviana	-43,4849757	-50,89631603	0
434	furcata_boliviana	-72,96215943	-20,6411439	1
435	furcata_boliviana	-72,98397008	-58,78586199	1
436	furcata_boliviana	-42,35103379	-42,03696942	1
437	furcata_boliviana	-20,08297618	-11,18984826	1
438	furcata_boliviana	-20,09500541	-56,19948002	1
439	furcata_boliviana	-76,06372339	-60,7476029	1
440	furcata_boliviana	-40,86844165	-83,28543645	1
441	furcata_boliviana	-57,01561122	-41,55177803	0
442	furcata_boliviana	-8,896506239	-33,46244137	0
443	furcata_boliviana	-64,31367641	-96,69232558	0
444	furcata_boliviana	-16,91166106	-85,73938388	1
445	furcata_boliviana	-72,33927315	-42,10948409	0
446	furcata_boliviana	-5,057488141	-92,51034292	0
447	furcata_boliviana	-81,94654908	-40,69988709	0
448	furcata_boliviana	-11,35019643	-56,47777411	1
449	furcata_boliviana	-80,88522278	-70,21259096	0
450	furcata_boliviana	-33,09494955	-85,74466093	0
451	furcata_boliviana	-38,42435962	-45,08032975	1
452	furcata_boliviana	-76,87051223	-8,749148405	0
453	furcata_boliviana	-91,69115857	-71,37845045	1
454	furcata_boliviana	-11,27311051	-77,88151923	1
455	furcata_boliviana	-6,975230494	-84,20160612	0
456	furcata_boliviana	-86,79562048	-83,24091911	0
457	furcata_boliviana	-21,24457651	-1,910695906	1
458	furcata_boliviana	-98,4300087	-51,57417549	0
459	furcata_boliviana	-88,18858374	-61,99154121	1
460	furcata_boliviana	-89,93994141	-82,50537538	0
461	furcata_boliviana	-3,414005496	-83,04633888	1
462	furcata_boliviana	-57,59272968	-70,87321637	1
463	furcata_boliviana	-37,94887443	-3,246264355	1
464	furcata_boliviana	-91,81684191	-19,96478157	0
465	furcata_boliviana	-65,24788175	-89,2147062	0
466	furcata_boliviana	-31,6492915	-19,60297952	0
467	furcata_boliviana	-59,91868563	-11,8129565	0
468	furcata_boliviana	-74,6914198	-19,5530833	0
469	furcata_boliviana	-36,43197492	-58,47549104	1
470	furcata_boliviana	-1,073500703	-27,47902643	1
471	furcata_boliviana	-61,47398603	-18,81813372	0
472	furcata_boliviana	-69,50700568	-39,06304793	0
473	furcata_boliviana	-78,30404712	-78,65364915	0
474	furcata_boliviana	-83,72642092	-42,51437753	1
475	furcata_boliviana	-23,26336736	-65,17236209	1
476	furcata_boliviana	-29,05927446	-61,59574197	0
477	furcata_boliviana	-22,32353475	-90,03815937	1
478	furcata_boliviana	-92,08022806	-46,89405051	1
479	furcata_boliviana	-17,33564854	-5,651315589	1
480	furcata_boliviana	-6,395811368	-4,492218832	0
481	furcata_boliviana	-92,35411581	-48,22266727	1
482	furcata_boliviana	-11,66781522	-39,65874403	0
483	furcata_boliviana	-81,54273217	-38,41191104	1
484	furcata_boliviana	-64,26777494	-92,82237951	0
485	furcata_boliviana	-79,54323377	-82,07616293	1
486	furcata_boliviana	-90,833781	18,104359	0
487	furcata_boliviana	-65,78170192	-78,85175415	0
488	furcata_boliviana	-70,54951854	-38,99177492	0
489	furcata_boliviana	-40,83321483	-45,02047369	0
490	furcata_boliviana	-28,52413512	-65,17463067	0
491	furcata_boliviana	-55,75469152	-35,8205497	1
492	furcata_boliviana	-14,50766346	-33,68443952	1
493	furcata_boliviana	-74,38374935	-67,79437985	0
494	furcata_boliviana	-23,12029033	-81,26360456	0
495	furcata_boliviana	-63,433534	-13,311691	0
496	furcata_boliviana	-10,48391225	-6,987327956	1
497	furcata_boliviana	-45,25096275	-55,89359511	0
498	furcata_boliviana	-50,64189724	-27,11428543	1
499	furcata_boliviana	-79,77315759	-25,22508802	0
500	furcata_boliviana	-2,253140738	-36,07922953	0
501	furcata_boliviana	-52,0246272	-41,88208002	1
502	furcata_boliviana	-44,16333409	-16,19947875	1
503	furcata_boliviana	-47,61091923	-8,918551425	1
504	furcata_boliviana	-11,31682141	-79,98602002	1
505	furcata_boliviana	-57,3148436	-81,91772469	1
506	furcata_boliviana	-89,06897615	-29,39364269	0
507	furcata_boliviana	-5,901675192	-45,08460576	1
508	furcata_boliviana	-90,75183642	-78,46578799	1
509	furcata_boliviana	-94,86567774	-73,75557401	1
510	furcata_boliviana	-2,749738792	-32,55659662	1
511	furcata_boliviana	-36,12063531	-3,500382487	0
512	furcata_boliviana	-79,75573796	-84,92354758	1
513	furcata_boliviana	-37,22555862	-53,17008638	1
514	furcata_boliviana	-89,08528601	-50,75591858	0
515	furcata_boliviana	-73,96032372	-29,69196711	0
516	furcata_boliviana	-90,21208609	-71,46246506	0
517	furcata_boliviana	-52,31993035	-53,56463383	0
518	furcata_boliviana	-56,59589459	-22,57545393	0
519	furcata_boliviana	-73,91621921	-35,09488843	1
520	furcata_boliviana	-62,84618449	-61,52649457	1
521	furcata_boliviana	-95,25185642	-57,2999425	0
522	furcata_boliviana	-14,50156396	-49,76426101	1
523	furcata_boliviana	-46,78578316	-45,96384139	0
524	furcata_boliviana	-10,89705333	-59,55997314	1
525	furcata_boliviana	-36,63716876	-15,6394304	1
526	furcata_boliviana	-38,5165508	-1,450453296	0
527	furcata_boliviana	-19,71072019	-24,50786287	0
528	furcata_boliviana	-93,93064152	-3,820681706	1
529	furcata_boliviana	-31,10285967	-60,37923182	1
530	furcata_boliviana	-10,76989542	-52,55358776	0
531	furcata_boliviana	-68,853037	-43,208726	0
532	furcata_boliviana	-17,98083769	-98,67011267	1
533	furcata_boliviana	-18,32688956	-74,11625842	0
534	furcata_boliviana	-76,5173879	-24,69633151	1
535	furcata_boliviana	-20,88412491	-46,81417556	1
536	furcata_boliviana	-53,80633342	-66,17758943	0
537	furcata_boliviana	-30,94336115	-6,899739676	1
538	furcata_boliviana	-57,86229568	-3,105868162	1
539	furcata_boliviana	-92,09178447	-29,55513356	1
540	furcata_boliviana	-12,72376169	-19,11038869	0
541	furcata_boliviana	-85,5221155	-62,99886567	1
542	furcata_boliviana	-86,88106844	-54,54338188	1
543	furcata_boliviana	-52,77369521	-55,42858608	1
544	furcata_boliviana	-90,51391232	-46,83089132	0
545	furcata_boliviana	-63,96	-19,21	1
546	furcata_boliviana	-19,86717738	-45,46088299	1
547	furcata_boliviana	-14,35915952	-34,94248295	1
548	furcata_boliviana	-45,94922499	-1,12705947	0
549	furcata_boliviana	-52,02822939	-79,21548037	1
550	furcata_boliviana	-92,90567569	-86,94394229	1
551	furcata_boliviana	-80,04028545	-87,17235156	1
552	furcata_boliviana	-26,23616245	-45,83110987	0
553	furcata_boliviana	-79,92290796	-55,90886543	0
554	furcata_boliviana	-54,11686458	-42,9117269	1
555	furcata_boliviana	-64,770166	-21,430545	0
556	furcata_boliviana	-62,30810986	-36,62766012	1
557	furcata_boliviana	-64,65221955	-35,23645025	0
558	furcata_boliviana	-83,07381295	-12,22296714	1
559	furcata_boliviana	-6,676820378	-42,57494448	1
560	furcata_boliviana	-64,03	-19,82	1
561	furcata_boliviana	-22,18584836	-43,13617971	0
562	furcata_boliviana	-49,40223299	-98,95945637	0
563	furcata_boliviana	-8,906484663	-68,52087219	0
564	furcata_boliviana	-48,12938543	-82,63524915	0
565	furcata_boliviana	-73,44394844	-60,55592663	0
566	furcata_boliviana	-46,64999794	-64,39905154	1
567	furcata_boliviana	-92,84905244	-73,5199194	0
568	furcata_boliviana	-15,19183435	-36,93777896	0
569	furcata_boliviana	-49,23940712	-86,14278746	0
570	furcata_boliviana	-54,51522605	-41,73927539	1
571	furcata_boliviana	-34,16997797	-20,62896778	0
572	furcata_boliviana	-10,6431553	-2,183774854	0
573	furcata_boliviana	-49,39061898	-81,73843619	1
574	furcata_boliviana	-73,62692553	-2,814992608	1
575	furcata_boliviana	-95,92059667	-89,90490003	0
576	furcata_boliviana	-97,0440811	-87,3213512	1
577	furcata_boliviana	-61,978513	-9,347373	0
578	furcata_boliviana	-39,11039363	-47,97172763	0
579	furcata_boliviana	-9,039136317	-95,76065676	0
580	furcata_boliviana	-43,24715145	-30,94066605	0
581	furcata_boliviana	-23,24610349	-71,88101925	0
582	furcata_boliviana	-50,02378168	-87,35965207	1
583	furcata_boliviana	-72,07780303	-8,257742803	1
584	furcata_boliviana	-31,7704495	-98,44096023	0
585	furcata_boliviana	-66,494588	-23,554685	0
586	furcata_boliviana	-87,48057948	-2,498300727	0
587	furcata_boliviana	-50,49825304	-52,87371065	1
588	furcata_boliviana	-56,05008621	-11,77484725	1
589	furcata_boliviana	-84,07482004	-55,08969687	0
590	furcata_boliviana	-3,172364815	-37,03435307	0
591	furcata_boliviana	-87,99389836	-96,28580891	1
592	furcata_boliviana	-71,565908	-14,316043	0
593	furcata_boliviana	-69,35258554	-1,020708175	1
594	furcata_boliviana	-27,50611704	-18,00146325	1
595	furcata_boliviana	-85,08833171	-47,10139785	1
596	furcata_boliviana	-7,524518433	-36,18354421	1
597	furcata_boliviana	-14,88342115	-53,156197	0
598	furcata_boliviana	-37,0052021	-43,30989799	1
599	furcata_boliviana	-89,53169776	-18,23491287	1
600	furcata_boliviana	-82,25640618	-78,90983671	0
601	furcata_boliviana	-4,913012034	-95,59143537	0
602	furcata_boliviana	-78,58113428	-27,81464239	1
603	furcata_boliviana	-6,544498829	-61,09737992	1
604	furcata_boliviana	-15,85522617	-13,49217991	1
605	furcata_boliviana	-62,2266513	-57,32079716	0
606	furcata_boliviana	-90,89016022	-92,24084642	1
607	furcata_boliviana	-57,16582883	-64,16970376	0
608	furcata_boliviana	-50,740148	-11,423722	0
609	furcata_boliviana	-8,526535802	-12,80694429	0
610	furcata_boliviana	-52,00858209	-9,096148714	1
611	furcata_boliviana	-20,87109236	-1,487137436	1
612	furcata_boliviana	-24,21459926	-19,34621106	1
613	furcata_boliviana	-69,9694167	-73,35494675	1
614	furcata_boliviana	-42,85364025	-60,10391668	0
615	furcata_boliviana	-2,753568712	-45,14422488	0
616	furcata_boliviana	-74,4664602	-96,12690468	1
617	furcata_boliviana	-15,60991553	-82,55612622	0
618	furcata_boliviana	-51,29167567	-89,83457541	0
619	furcata_boliviana	-83,66009922	-27,42382521	0
620	furcata_boliviana	-35,23092553	-37,29007325	1
621	furcata_boliviana	-64,770166	-21,430545	0
622	furcata_boliviana	-12,85738004	-60,92910636	0
623	furcata_boliviana	-75,44295628	-40,47502495	0
624	furcata_boliviana	-77,68339685	-42,84681841	1
625	furcata_boliviana	-55,78239907	-72,81653834	0
626	furcata_boliviana	-98,32537099	-13,6852164	0
627	furcata_boliviana	-39,47502751	-26,40186903	1
628	furcata_boliviana	-49,55056629	-51,93103006	1
629	furcata_boliviana	-85,4311786	-24,30196436	1
630	furcata_boliviana	-33,44430794	-23,43228166	1
631	furcata_boliviana	-63,381435	-4,558914	0
632	furcata_boliviana	-41,4817738	-92,53787867	0
633	furcata_boliviana	-16,23524027	-66,50872314	1
634	furcata_boliviana	-12,7895815	-2,174354278	1
635	furcata_boliviana	-58,287185	-4,746991	0
636	furcata_boliviana	-98,73843193	-62,84592812	1
637	furcata_boliviana	-52,40528871	-5,711719143	1
638	furcata_boliviana	-4,385942962	-50,51448931	0
639	furcata_boliviana	-45,45887317	-71,95235701	1
640	furcata_boliviana	-84,28647926	-24,56764164	1
641	furcata_boliviana	-55,05460167	-76,11024063	1
642	furcata_boliviana	-27,90492078	-44,8068486	0
643	furcata_boliviana	-61,51001695	-97,00847897	0
644	furcata_boliviana	-63,17	-17,8	1
645	furcata_boliviana	-77,18710227	-41,72169387	1
646	furcata_boliviana	-73,879773	-14,327104	0
647	furcata_boliviana	-61,37102044	-72,48611119	1
648	furcata_boliviana	-76,43822052	-19,55025209	0
649	furcata_boliviana	-72,83	-12,33	1
650	furcata_boliviana	-72,717395	-11,159507	0
651	furcata_boliviana	-92,82538611	-70,0917765	0
652	furcata_boliviana	-71,40676716	-1,138494563	1
653	furcata_boliviana	-16,07950255	-35,74501005	1
654	furcata_boliviana	-54,24104538	-4,888067981	0
655	furcata_boliviana	-80,06201987	-52,54259719	0
656	furcata_boliviana	-75,94140391	-69,555371	0
657	furcata_boliviana	-14,05406987	-67,85534841	0
658	furcata_boliviana	-33,45918337	-23,3479759	0
659	furcata_boliviana	-80,68216072	-16,10848194	1
660	furcata_boliviana	-72,717395	-11,159507	0
661	furcata_boliviana	-49,13163096	-85,75796168	1
662	furcata_boliviana	-76,28491166	-74,03769947	0
663	furcata_boliviana	-67,51161443	-33,64693698	0
664	furcata_boliviana	-72,060527	-3,994683	0
665	furcata_boliviana	-17,73869654	-2,104206118	0
666	furcata_boliviana	-5,895399239	-30,51817782	0
667	furcata_boliviana	-4,658022043	-19,39069902	0
668	furcata_boliviana	-38,75791603	-31,88539058	0
669	furcata_boliviana	-73,0556626	-65,97348334	1
670	furcata_boliviana	-41,17820428	-16,46240521	0
671	furcata_boliviana	-41,46947473	-94,16362395	1
672	furcata_boliviana	-14,84408166	-14,1015401	1
673	furcata_boliviana	-52,04051505	-39,01034338	0
674	furcata_boliviana	-47,72973799	-54,84254782	1
675	furcata_boliviana	-41,92984948	-72,82141365	0
676	furcata_boliviana	-59,043491	-18,907368	0
677	furcata_boliviana	-1,194360725	-66,56045679	1
678	furcata_boliviana	-42,18678562	-98,70028379	1
679	furcata_boliviana	-55,85730361	-5,451760843	0
680	furcata_boliviana	-84,19286326	-51,78832377	0
681	furcata_boliviana	-24,33178298	-65,60683455	0
682	furcata_boliviana	-65,02	-17,46	1
683	furcata_boliviana	-60,20324953	-30,84848281	0
684	furcata_boliviana	-28,64204509	-67,58725502	1
685	furcata_boliviana	-90,73715407	-21,27029898	1
686	furcata_boliviana	-62,282047	-19,122586	0
687	furcata_boliviana	-98,41227209	-56,8615268	1
688	furcata_boliviana	-48,71237506	-49,3370986	0
689	furcata_boliviana	-70,70859242	-2,769184819	0
690	furcata_boliviana	-65,088796	-11,733423	0
691	furcata_boliviana	-94,26747187	-94,82910846	0
692	furcata_boliviana	-44,96385048	-94,46333177	0
693	furcata_boliviana	-8,375350466	-86,50457903	1
694	furcata_boliviana	-24,44047638	-63,27261616	1
695	furcata_boliviana	-14,58326794	-61,3428504	1
696	furcata_boliviana	-17,72995174	-80,53734163	0
697	furcata_boliviana	-47,54516387	-87,2235903	1
698	furcata_boliviana	-66,959962	-13,598649	0
699	furcata_boliviana	-12,38249443	-85,57825407	0
700	furcata_boliviana	-21,13903392	-72,77067798	0
701	furcata_boliviana	-39,83212939	-89,28856165	1
702	furcata_boliviana	-8,307999696	-63,35234284	0
703	furcata_boliviana	-68,38673385	-28,37049494	0
704	furcata_boliviana	-51,400514	-2,584106	0
705	furcata_boliviana	-65,51491341	-41,20050781	0
706	furcata_boliviana	-46,20891042	-72,34484102	0
707	furcata_boliviana	-33,74022452	-20,83257883	0
708	furcata_boliviana	-79,98070078	-52,49678332	0
709	furcata_boliviana	-2,108446094	-8,25118691	1
710	furcata_boliviana	-26,88705146	-17,65900361	1
711	furcata_boliviana	-14,45347599	-2,740298114	1
712	furcata_boliviana	-45,89818311	-64,87622715	1
713	furcata_boliviana	-8,571029146	-60,18109485	0
714	furcata_boliviana	-14,68430738	-95,53484368	1
715	furcata_boliviana	-59,1129425	-1,451833722	0
716	furcata_boliviana	-90,928119	18,01032	0
717	furcata_boliviana	-31,14455113	-61,84043103	1
718	furcata_boliviana	-78,03613322	-64,9220905	0
719	furcata_boliviana	-49,34080681	-82,67175762	0
720	furcata_boliviana	-31,50721014	-96,92022485	0
721	furcata_boliviana	-68,46163695	-22,95649425	1
722	furcata_boliviana	-72,27472344	-62,26089234	1
723	furcata_boliviana	-38,7177593	-13,66154448	1
724	furcata_boliviana	-43,85723929	-33,91823999	0
725	furcata_boliviana	-102,814702	25,439359	0
726	furcata_boliviana	-44,75105136	-95,10252668	0
727	furcata_boliviana	-78,17267454	-39,29278573	0
728	furcata_boliviana	-10,82585436	-81,37005669	0
729	furcata_boliviana	-68,853037	-43,208726	0
