//Matriz de proximidade para o arquivo: /home/danielboll/dev/Unioeste/2021/PP/trabalho/sahga-api-xmake/assets/user-info/0001/train.txt - raio = 5 km - Tipo = R/2
//Formato da MPG --> #id;n;Rel1;Rel2;...;Reln;W1;W2;...;Wn
1;1;1;1;
2;1;2;1;
3;1;3;1;
4;4;4;52;65;77;1;1;1;1;
5;3;5;7;57;1;1;1;
6;1;6;1;
7;3;7;5;57;1;1;1;
8;3;8;43;59;1;1;1;
9;1;9;1;
10;1;10;1;
11;1;11;1;
12;1;12;1;
13;1;13;1;
14;1;14;1;
15;1;15;1;
16;3;16;50;72;1;1;1;
17;1;17;1;
18;2;18;79;1;1;
19;6;19;47;54;56;58;74;1;1;1;1;1;1;
20;2;20;81;1;1;
21;6;21;24;37;46;61;83;1;1;1;1;1;1;
22;1;22;1;
23;1;23;1;
24;6;24;21;37;46;61;83;1;1;1;1;1;1;
25;2;25;67;1;1;
26;1;26;1;
27;2;27;51;1;1;
28;4;28;36;60;64;1;1;1;1;
29;1;29;1;
30;4;30;40;62;76;1;1;1;1;
31;1;31;1;
32;1;32;1;
33;1;33;1;
34;1;34;1;
35;1;35;1;
36;4;36;28;60;64;1;1;1;1;
37;6;37;21;24;46;61;83;1;1;1;1;1;1;
38;3;38;69;78;1;1;1;
39;1;39;1;
40;4;40;30;62;76;1;1;1;1;
41;1;41;1;
42;1;42;1;
43;3;43;8;59;1;1;1;
44;1;44;1;
45;1;45;1;
46;6;46;21;24;37;61;83;1;1;1;1;1;1;
47;6;47;19;54;56;58;74;1;1;1;1;1;1;
48;1;48;1;
49;1;49;1;
50;3;50;16;72;1;1;1;
51;2;51;27;1;1;
52;4;52;4;65;77;1;1;1;1;
53;1;53;1;
54;6;54;19;47;56;58;74;1;1;1;1;1;1;
55;1;55;1;
56;6;56;19;47;54;58;74;1;1;1;1;1;1;
57;3;57;5;7;1;1;1;
58;6;58;19;47;54;56;74;1;1;1;1;1;1;
59;3;59;8;43;1;1;1;
60;4;60;28;36;64;1;1;1;1;
61;6;61;21;24;37;46;83;1;1;1;1;1;1;
62;4;62;30;40;76;1;1;1;1;
63;1;63;1;
64;4;64;28;36;60;1;1;1;1;
65;4;65;4;52;77;1;1;1;1;
66;1;66;1;
67;2;67;25;1;1;
68;1;68;1;
69;3;69;38;78;1;1;1;
70;1;70;1;
71;1;71;1;
72;3;72;16;50;1;1;1;
73;1;73;1;
74;6;74;19;47;54;56;58;1;1;1;1;1;1;
75;1;75;1;
76;4;76;30;40;62;1;1;1;1;
77;4;77;4;52;65;1;1;1;1;
78;3;78;38;69;1;1;1;
79;2;79;18;1;1;
80;1;80;1;
81;2;81;20;1;1;
82;1;82;1;
83;6;83;21;24;37;46;61;1;1;1;1;1;1;
84;1;84;1;
85;1;85;1;
86;1;86;1;
