//Dados extraidos do conjunto de layers: /home/danielboll/dev/Unioeste/2021/PP/trabalho/sahga-api-xmake/assets/user-info/0001/train.txt
//Formato dos dados --> #id;long;lat;x0;x1;x2;...;xn
1;-4.000000;-90.000000;0;-99999.000;-99999.000;-99999.000;-99999.000;-99999.000;-99999.000;-99999.000;-99999.000;
2;-72.000000;-89.000000;1;-99999.000;-99999.000;-99999.000;-99999.000;-99999.000;-99999.000;-99999.000;-99999.000;
3;-29.000000;-14.000000;0;-99999.000;-99999.000;-99999.000;-99999.000;-99999.000;-99999.000;-99999.000;-99999.000;
4;-72.000000;-15.000000;0;166.330;330.000;-113.330;11.000;350.000;635.000;381.000;-113.330;
5;-71.000000;-64.000000;1;-99999.000;-99999.000;-99999.000;-99999.000;-99999.000;-99999.000;-99999.000;-99999.000;
6;-1.000000;-78.000000;1;-99999.000;-99999.000;-99999.000;-99999.000;-99999.000;-99999.000;-99999.000;-99999.000;
7;-72.000000;-29.000000;0;-99999.000;-99999.000;-99999.000;-99999.000;-99999.000;-99999.000;-99999.000;-99999.000;
8;-82.000000;-69.000000;1;-99999.000;-99999.000;-99999.000;-99999.000;-99999.000;-99999.000;-99999.000;-99999.000;
9;-55.000000;-4.000000;0;2628.660;2566.670;2566.670;1046.000;2726.670;2289.000;214.000;2700.000;
10;-38.000000;-52.000000;0;-99999.000;-99999.000;-99999.000;-99999.000;-99999.000;-99999.000;-99999.000;-99999.000;
11;-30.000000;-52.000000;1;-99999.000;-99999.000;-99999.000;-99999.000;-99999.000;-99999.000;-99999.000;-99999.000;
12;-78.000000;-15.000000;1;-99999.000;-99999.000;-99999.000;-99999.000;-99999.000;-99999.000;-99999.000;-99999.000;
13;-89.000000;-23.000000;0;-99999.000;-99999.000;-99999.000;-99999.000;-99999.000;-99999.000;-99999.000;-99999.000;
14;-94.000000;-45.000000;1;-99999.000;-99999.000;-99999.000;-99999.000;-99999.000;-99999.000;-99999.000;-99999.000;
15;-2.000000;-36.000000;1;-99999.000;-99999.000;-99999.000;-99999.000;-99999.000;-99999.000;-99999.000;-99999.000;
16;-87.000000;-68.000000;1;-99999.000;-99999.000;-99999.000;-99999.000;-99999.000;-99999.000;-99999.000;-99999.000;
17;-91.000000;-24.000000;0;-99999.000;-99999.000;-99999.000;-99999.000;-99999.000;-99999.000;-99999.000;-99999.000;
18;-15.000000;-69.000000;1;-99999.000;-99999.000;-99999.000;-99999.000;-99999.000;-99999.000;-99999.000;-99999.000;
19;-7.000000;-23.000000;1;-99999.000;-99999.000;-99999.000;-99999.000;-99999.000;-99999.000;-99999.000;-99999.000;
20;-46.000000;-49.000000;0;-99999.000;-99999.000;-99999.000;-99999.000;-99999.000;-99999.000;-99999.000;-99999.000;
21;-8.000000;-67.000000;1;-99999.000;-99999.000;-99999.000;-99999.000;-99999.000;-99999.000;-99999.000;-99999.000;
22;-3.000000;-25.000000;1;-99999.000;-99999.000;-99999.000;-99999.000;-99999.000;-99999.000;-99999.000;-99999.000;
23;-5.000000;-85.000000;0;-99999.000;-99999.000;-99999.000;-99999.000;-99999.000;-99999.000;-99999.000;-99999.000;
24;-42.000000;-24.000000;1;-99999.000;-99999.000;-99999.000;-99999.000;-99999.000;-99999.000;-99999.000;-99999.000;
25;-19.000000;-94.000000;0;-99999.000;-99999.000;-99999.000;-99999.000;-99999.000;-99999.000;-99999.000;-99999.000;
26;-89.000000;-46.000000;0;-99999.000;-99999.000;-99999.000;-99999.000;-99999.000;-99999.000;-99999.000;-99999.000;
27;-19.000000;-94.000000;0;-99999.000;-99999.000;-99999.000;-99999.000;-99999.000;-99999.000;-99999.000;-99999.000;
28;-26.000000;-85.000000;0;-99999.000;-99999.000;-99999.000;-99999.000;-99999.000;-99999.000;-99999.000;-99999.000;
29;-53.000000;-56.000000;1;-99999.000;-99999.000;-99999.000;-99999.000;-99999.000;-99999.000;-99999.000;-99999.000;
30;-43.000000;-73.000000;1;-99999.000;-99999.000;-99999.000;-99999.000;-99999.000;-99999.000;-99999.000;-99999.000;
31;-33.000000;-16.000000;1;-99999.000;-99999.000;-99999.000;-99999.000;-99999.000;-99999.000;-99999.000;-99999.000;
32;-31.000000;-82.000000;0;-99999.000;-99999.000;-99999.000;-99999.000;-99999.000;-99999.000;-99999.000;-99999.000;
33;-10.000000;-33.000000;1;-99999.000;-99999.000;-99999.000;-99999.000;-99999.000;-99999.000;-99999.000;-99999.000;
34;-13.000000;-45.000000;1;-99999.000;-99999.000;-99999.000;-99999.000;-99999.000;-99999.000;-99999.000;-99999.000;
35;-50.000000;-45.000000;0;-99999.000;-99999.000;-99999.000;-99999.000;-99999.000;-99999.000;-99999.000;-99999.000;
36;-43.000000;-30.000000;0;-99999.000;-99999.000;-99999.000;-99999.000;-99999.000;-99999.000;-99999.000;-99999.000;
37;-46.000000;-48.000000;0;-99999.000;-99999.000;-99999.000;-99999.000;-99999.000;-99999.000;-99999.000;-99999.000;
38;-80.000000;-25.000000;0;-99999.000;-99999.000;-99999.000;-99999.000;-99999.000;-99999.000;-99999.000;-99999.000;
39;-97.000000;-70.000000;1;-99999.000;-99999.000;-99999.000;-99999.000;-99999.000;-99999.000;-99999.000;-99999.000;
40;-52.000000;-43.000000;0;-99999.000;-99999.000;-99999.000;-99999.000;-99999.000;-99999.000;-99999.000;-99999.000;
41;-2.000000;-38.000000;1;-99999.000;-99999.000;-99999.000;-99999.000;-99999.000;-99999.000;-99999.000;-99999.000;
42;-95.000000;-46.000000;0;-99999.000;-99999.000;-99999.000;-99999.000;-99999.000;-99999.000;-99999.000;-99999.000;
43;-63.000000;-37.000000;1;1511.210;2150.000;796.670;76.000;2273.330;629.000;189.000;796.670;
44;-98.000000;-22.000000;0;-99999.000;-99999.000;-99999.000;-99999.000;-99999.000;-99999.000;-99999.000;-99999.000;
45;-55.000000;-51.000000;0;-99999.000;-99999.000;-99999.000;-99999.000;-99999.000;-99999.000;-99999.000;-99999.000;
46;-2.000000;-86.000000;1;-99999.000;-99999.000;-99999.000;-99999.000;-99999.000;-99999.000;-99999.000;-99999.000;
47;-56.000000;-88.000000;1;-99999.000;-99999.000;-99999.000;-99999.000;-99999.000;-99999.000;-99999.000;-99999.000;
48;-24.000000;-2.000000;1;-99999.000;-99999.000;-99999.000;-99999.000;-99999.000;-99999.000;-99999.000;-99999.000;
49;-2.000000;-45.000000;0;-99999.000;-99999.000;-99999.000;-99999.000;-99999.000;-99999.000;-99999.000;-99999.000;
50;-9.000000;-2.000000;0;-99999.000;-99999.000;-99999.000;-99999.000;-99999.000;-99999.000;-99999.000;-99999.000;
51;-19.000000;-51.000000;1;-99999.000;-99999.000;-99999.000;-99999.000;-99999.000;-99999.000;-99999.000;-99999.000;
52;-69.000000;-12.000000;1;2463.840;2530.000;2320.000;244.000;2553.330;2130.000;713.000;2320.000;
53;-77.000000;-26.000000;0;-99999.000;-99999.000;-99999.000;-99999.000;-99999.000;-99999.000;-99999.000;-99999.000;
54;-22.000000;-2.000000;0;-99999.000;-99999.000;-99999.000;-99999.000;-99999.000;-99999.000;-99999.000;-99999.000;
55;-87.000000;-72.000000;0;-99999.000;-99999.000;-99999.000;-99999.000;-99999.000;-99999.000;-99999.000;-99999.000;
56;-39.000000;-70.000000;0;-99999.000;-99999.000;-99999.000;-99999.000;-99999.000;-99999.000;-99999.000;-99999.000;
57;-64.000000;-7.000000;1;2598.490;2573.330;2560.000;219.000;2653.330;2293.000;332.000;2580.000;
58;-14.000000;-60.000000;1;-99999.000;-99999.000;-99999.000;-99999.000;-99999.000;-99999.000;-99999.000;-99999.000;
59;-71.000000;-30.000000;1;1195.400;896.670;896.670;86.000;1520.000;119.000;1.000;1436.670;
60;-22.000000;-79.000000;1;-99999.000;-99999.000;-99999.000;-99999.000;-99999.000;-99999.000;-99999.000;-99999.000;
61;-54.000000;-53.000000;0;-99999.000;-99999.000;-99999.000;-99999.000;-99999.000;-99999.000;-99999.000;-99999.000;
62;-96.000000;-18.000000;1;-99999.000;-99999.000;-99999.000;-99999.000;-99999.000;-99999.000;-99999.000;-99999.000;
63;-76.000000;-5.000000;0;2709.100;2706.670;2656.670;336.000;2750.000;1799.000;490.000;2666.670;
64;-32.000000;-37.000000;0;-99999.000;-99999.000;-99999.000;-99999.000;-99999.000;-99999.000;-99999.000;-99999.000;
65;-58.000000;-19.000000;0;2549.620;2773.330;2223.330;113.000;2776.670;1066.000;435.000;2230.000;
66;-10.000000;-22.000000;1;-99999.000;-99999.000;-99999.000;-99999.000;-99999.000;-99999.000;-99999.000;-99999.000;
67;-41.000000;-81.000000;0;-99999.000;-99999.000;-99999.000;-99999.000;-99999.000;-99999.000;-99999.000;-99999.000;
68;-82.000000;-1.000000;1;-99999.000;-99999.000;-99999.000;-99999.000;-99999.000;-99999.000;-99999.000;-99999.000;
69;-63.000000;-4.000000;0;2566.000;2543.330;2536.670;648.000;2606.670;2344.000;331.000;2593.330;
70;-1.000000;-8.000000;0;-99999.000;-99999.000;-99999.000;-99999.000;-99999.000;-99999.000;-99999.000;-99999.000;
71;-2.000000;-93.000000;1;-99999.000;-99999.000;-99999.000;-99999.000;-99999.000;-99999.000;-99999.000;-99999.000;
72;-2.000000;-7.000000;1;-99999.000;-99999.000;-99999.000;-99999.000;-99999.000;-99999.000;-99999.000;-99999.000;
73;-63.000000;-38.000000;1;1449.670;1793.330;750.000;74.000;2196.670;582.000;167.000;750.000;
74;-42.000000;-13.000000;1;2287.210;2350.000;2130.000;26.000;2400.000;789.000;206.000;2130.000;
75;-68.000000;-4.000000;1;2549.100;2540.000;2500.000;579.000;2583.330;2754.000;577.000;2540.000;
76;-88.000000;-85.000000;0;-99999.000;-99999.000;-99999.000;-99999.000;-99999.000;-99999.000;-99999.000;-99999.000;
77;-76.000000;-20.000000;1;-99999.000;-99999.000;-99999.000;-99999.000;-99999.000;-99999.000;-99999.000;-99999.000;
78;-96.000000;-16.000000;0;-99999.000;-99999.000;-99999.000;-99999.000;-99999.000;-99999.000;-99999.000;-99999.000;
79;-31.000000;-51.000000;1;-99999.000;-99999.000;-99999.000;-99999.000;-99999.000;-99999.000;-99999.000;-99999.000;
80;-52.000000;-38.000000;0;-99999.000;-99999.000;-99999.000;-99999.000;-99999.000;-99999.000;-99999.000;-99999.000;
81;-42.000000;-94.000000;0;-99999.000;-99999.000;-99999.000;-99999.000;-99999.000;-99999.000;-99999.000;-99999.000;
82;-91.000000;-37.000000;0;-99999.000;-99999.000;-99999.000;-99999.000;-99999.000;-99999.000;-99999.000;-99999.000;
83;-13.000000;-73.000000;1;-99999.000;-99999.000;-99999.000;-99999.000;-99999.000;-99999.000;-99999.000;-99999.000;
84;-76.000000;-50.000000;1;-99999.000;-99999.000;-99999.000;-99999.000;-99999.000;-99999.000;-99999.000;-99999.000;
85;-75.000000;-69.000000;0;-99999.000;-99999.000;-99999.000;-99999.000;-99999.000;-99999.000;-99999.000;-99999.000;
86;-42.000000;-15.000000;1;2147.180;2273.330;1893.330;34.000;2316.670;956.000;343.000;1893.330;
87;-58.000000;-4.000000;0;2685.370;2616.670;2616.670;966.000;2773.330;2319.000;348.000;2720.000;
88;-83.000000;-69.000000;1;-99999.000;-99999.000;-99999.000;-99999.000;-99999.000;-99999.000;-99999.000;-99999.000;
89;-75.000000;-4.000000;1;2600.440;2603.330;2530.000;502.000;2660.000;2243.000;615.000;2536.670;
90;-34.000000;-96.000000;0;-99999.000;-99999.000;-99999.000;-99999.000;-99999.000;-99999.000;-99999.000;-99999.000;
91;-76.000000;-21.000000;0;-99999.000;-99999.000;-99999.000;-99999.000;-99999.000;-99999.000;-99999.000;-99999.000;
92;-52.000000;-91.000000;0;-99999.000;-99999.000;-99999.000;-99999.000;-99999.000;-99999.000;-99999.000;-99999.000;
93;-41.000000;-71.000000;1;-99999.000;-99999.000;-99999.000;-99999.000;-99999.000;-99999.000;-99999.000;-99999.000;
94;-59.000000;-72.000000;0;-99999.000;-99999.000;-99999.000;-99999.000;-99999.000;-99999.000;-99999.000;-99999.000;
95;-50.000000;-94.000000;0;-99999.000;-99999.000;-99999.000;-99999.000;-99999.000;-99999.000;-99999.000;-99999.000;
96;-36.000000;-85.000000;1;-99999.000;-99999.000;-99999.000;-99999.000;-99999.000;-99999.000;-99999.000;-99999.000;
97;-82.000000;-91.000000;0;-99999.000;-99999.000;-99999.000;-99999.000;-99999.000;-99999.000;-99999.000;-99999.000;
98;-26.000000;-89.000000;1;-99999.000;-99999.000;-99999.000;-99999.000;-99999.000;-99999.000;-99999.000;-99999.000;
99;-48.000000;-3.000000;0;2554.380;2513.330;2513.330;1241.000;2616.670;2486.000;243.000;2606.670;
100;-63.000000;-11.000000;0;2422.270;2423.330;2326.670;104.000;2510.000;1614.000;399.000;2333.330;
101;-42.000000;-83.000000;1;-99999.000;-99999.000;-99999.000;-99999.000;-99999.000;-99999.000;-99999.000;-99999.000;
102;-41.000000;-66.000000;1;-99999.000;-99999.000;-99999.000;-99999.000;-99999.000;-99999.000;-99999.000;-99999.000;
103;-5.000000;-36.000000;1;-99999.000;-99999.000;-99999.000;-99999.000;-99999.000;-99999.000;-99999.000;-99999.000;
104;-76.000000;-79.000000;0;-99999.000;-99999.000;-99999.000;-99999.000;-99999.000;-99999.000;-99999.000;-99999.000;
105;-30.000000;-46.000000;0;-99999.000;-99999.000;-99999.000;-99999.000;-99999.000;-99999.000;-99999.000;-99999.000;
106;-101.000000;-125.000000;1;-99999.000;-99999.000;-99999.000;-99999.000;-99999.000;-99999.000;-99999.000;-99999.000;
107;-58.000000;-32.000000;0;1820.190;2406.670;1233.330;216.000;2463.330;1160.000;312.000;1293.330;
108;-51.000000;-15.000000;1;2475.970;2543.330;2266.670;41.000;2603.330;1634.000;413.000;2276.670;
109;-62.000000;-48.000000;0;-99999.000;-99999.000;-99999.000;-99999.000;-99999.000;-99999.000;-99999.000;-99999.000;
110;-5.000000;-68.000000;1;-99999.000;-99999.000;-99999.000;-99999.000;-99999.000;-99999.000;-99999.000;-99999.000;
111;-77.000000;-39.000000;1;-99999.000;-99999.000;-99999.000;-99999.000;-99999.000;-99999.000;-99999.000;-99999.000;
112;-26.000000;-37.000000;0;-99999.000;-99999.000;-99999.000;-99999.000;-99999.000;-99999.000;-99999.000;-99999.000;
113;-96.000000;-35.000000;1;-99999.000;-99999.000;-99999.000;-99999.000;-99999.000;-99999.000;-99999.000;-99999.000;
114;-2.000000;-80.000000;0;-99999.000;-99999.000;-99999.000;-99999.000;-99999.000;-99999.000;-99999.000;-99999.000;
115;-70.000000;-96.000000;1;-99999.000;-99999.000;-99999.000;-99999.000;-99999.000;-99999.000;-99999.000;-99999.000;
116;-84.000000;-59.000000;0;-99999.000;-99999.000;-99999.000;-99999.000;-99999.000;-99999.000;-99999.000;-99999.000;
117;-24.000000;-50.000000;0;-99999.000;-99999.000;-99999.000;-99999.000;-99999.000;-99999.000;-99999.000;-99999.000;
118;-68.000000;-17.000000;1;835.670;1120.000;440.000;12.000;1120.000;400.000;241.000;440.000;
119;-10.000000;-2.000000;0;-99999.000;-99999.000;-99999.000;-99999.000;-99999.000;-99999.000;-99999.000;-99999.000;
120;-15.000000;-9.000000;1;-99999.000;-99999.000;-99999.000;-99999.000;-99999.000;-99999.000;-99999.000;-99999.000;
121;-84.000000;-21.000000;0;-99999.000;-99999.000;-99999.000;-99999.000;-99999.000;-99999.000;-99999.000;-99999.000;
122;-89.000000;-14.000000;0;-99999.000;-99999.000;-99999.000;-99999.000;-99999.000;-99999.000;-99999.000;-99999.000;
123;-57.000000;-4.000000;1;2669.510;2603.330;2603.330;1008.000;2760.000;2260.000;267.000;2740.000;
124;-65.000000;-33.000000;1;1190.550;1803.330;480.000;44.000;1883.330;656.000;276.000;480.000;
125;-31.000000;-50.000000;0;-99999.000;-99999.000;-99999.000;-99999.000;-99999.000;-99999.000;-99999.000;-99999.000;
126;-9.000000;-32.000000;1;-99999.000;-99999.000;-99999.000;-99999.000;-99999.000;-99999.000;-99999.000;-99999.000;
127;-54.000000;-2.000000;0;2637.010;2576.670;2576.670;991.000;2733.330;2120.000;168.000;2703.330;
128;-30.000000;-5.000000;0;-99999.000;-99999.000;-99999.000;-99999.000;-99999.000;-99999.000;-99999.000;-99999.000;
129;-2.000000;-71.000000;1;-99999.000;-99999.000;-99999.000;-99999.000;-99999.000;-99999.000;-99999.000;-99999.000;
130;-77.000000;-90.000000;0;-99999.000;-99999.000;-99999.000;-99999.000;-99999.000;-99999.000;-99999.000;-99999.000;
131;-43.000000;-80.000000;1;-99999.000;-99999.000;-99999.000;-99999.000;-99999.000;-99999.000;-99999.000;-99999.000;
132;-29.000000;-61.000000;0;-99999.000;-99999.000;-99999.000;-99999.000;-99999.000;-99999.000;-99999.000;-99999.000;
133;-38.000000;-57.000000;0;-99999.000;-99999.000;-99999.000;-99999.000;-99999.000;-99999.000;-99999.000;-99999.000;
134;-74.000000;-39.000000;1;-99999.000;-99999.000;-99999.000;-99999.000;-99999.000;-99999.000;-99999.000;-99999.000;
135;-55.000000;-12.000000;0;2218.990;2343.330;1983.330;66.000;2346.670;1565.000;691.000;1983.330;
136;-75.000000;-52.000000;0;-99999.000;-99999.000;-99999.000;-99999.000;-99999.000;-99999.000;-99999.000;-99999.000;
137;-36.000000;-96.000000;1;-99999.000;-99999.000;-99999.000;-99999.000;-99999.000;-99999.000;-99999.000;-99999.000;
138;-10.000000;-60.000000;1;-99999.000;-99999.000;-99999.000;-99999.000;-99999.000;-99999.000;-99999.000;-99999.000;
139;-13.000000;-30.000000;0;-99999.000;-99999.000;-99999.000;-99999.000;-99999.000;-99999.000;-99999.000;-99999.000;
140;-16.000000;-52.000000;1;-99999.000;-99999.000;-99999.000;-99999.000;-99999.000;-99999.000;-99999.000;-99999.000;
141;-51.000000;-90.000000;1;-99999.000;-99999.000;-99999.000;-99999.000;-99999.000;-99999.000;-99999.000;-99999.000;
142;-86.000000;-85.000000;0;-99999.000;-99999.000;-99999.000;-99999.000;-99999.000;-99999.000;-99999.000;-99999.000;
143;-82.000000;-7.000000;1;-99999.000;-99999.000;-99999.000;-99999.000;-99999.000;-99999.000;-99999.000;-99999.000;
144;-48.000000;-64.000000;0;-99999.000;-99999.000;-99999.000;-99999.000;-99999.000;-99999.000;-99999.000;-99999.000;
145;-34.000000;-15.000000;1;-99999.000;-99999.000;-99999.000;-99999.000;-99999.000;-99999.000;-99999.000;-99999.000;
146;-30.000000;-76.000000;0;-99999.000;-99999.000;-99999.000;-99999.000;-99999.000;-99999.000;-99999.000;-99999.000;
147;-93.000000;-1.000000;1;-99999.000;-99999.000;-99999.000;-99999.000;-99999.000;-99999.000;-99999.000;-99999.000;
148;-40.000000;-75.000000;1;-99999.000;-99999.000;-99999.000;-99999.000;-99999.000;-99999.000;-99999.000;-99999.000;
149;-65.000000;-9.000000;0;2608.250;2603.330;2543.330;139.000;2680.000;1967.000;454.000;2556.670;
150;-72.000000;-3.000000;0;2619.750;2620.000;2556.670;502.000;2676.670;2712.000;640.000;2556.670;
151;-33.000000;-52.000000;0;-99999.000;-99999.000;-99999.000;-99999.000;-99999.000;-99999.000;-99999.000;-99999.000;
152;-97.000000;-93.000000;1;-99999.000;-99999.000;-99999.000;-99999.000;-99999.000;-99999.000;-99999.000;-99999.000;
153;-48.000000;-32.000000;0;-99999.000;-99999.000;-99999.000;-99999.000;-99999.000;-99999.000;-99999.000;-99999.000;
154;-41.000000;-8.000000;1;2537.670;2593.330;2356.670;99.000;2660.000;712.000;216.000;2513.330;
155;-15.000000;-89.000000;0;-99999.000;-99999.000;-99999.000;-99999.000;-99999.000;-99999.000;-99999.000;-99999.000;
156;-82.000000;-4.000000;0;-99999.000;-99999.000;-99999.000;-99999.000;-99999.000;-99999.000;-99999.000;-99999.000;
157;-2.000000;-94.000000;1;-99999.000;-99999.000;-99999.000;-99999.000;-99999.000;-99999.000;-99999.000;-99999.000;
158;-59.000000;-21.000000;0;2532.490;2840.000;2130.000;135.000;2853.330;1014.000;380.000;2146.670;
159;-62.000000;-31.000000;0;1784.740;2323.330;1156.670;76.000;2426.670;914.000;331.000;1156.670;
160;-42.000000;-63.000000;1;-99999.000;-99999.000;-99999.000;-99999.000;-99999.000;-99999.000;-99999.000;-99999.000;
161;-95.000000;-94.000000;1;-99999.000;-99999.000;-99999.000;-99999.000;-99999.000;-99999.000;-99999.000;-99999.000;
162;-73.000000;-4.000000;1;2660.440;2656.670;2596.670;557.000;2716.670;2798.000;699.000;2666.670;
163;-43.000000;-34.000000;0;-99999.000;-99999.000;-99999.000;-99999.000;-99999.000;-99999.000;-99999.000;-99999.000;
164;-72.000000;-65.000000;0;-99999.000;-99999.000;-99999.000;-99999.000;-99999.000;-99999.000;-99999.000;-99999.000;
165;-29.000000;-94.000000;0;-99999.000;-99999.000;-99999.000;-99999.000;-99999.000;-99999.000;-99999.000;-99999.000;
166;-73.000000;-4.000000;0;2660.440;2656.670;2596.670;557.000;2716.670;2798.000;699.000;2666.670;
167;-43.000000;-3.000000;0;2708.550;2656.670;2653.330;418.000;2796.670;1711.000;60.000;2763.330;
168;-20.000000;-97.000000;0;-99999.000;-99999.000;-99999.000;-99999.000;-99999.000;-99999.000;-99999.000;-99999.000;
169;-21.000000;-69.000000;0;-99999.000;-99999.000;-99999.000;-99999.000;-99999.000;-99999.000;-99999.000;-99999.000;
170;-98.000000;-40.000000;1;-99999.000;-99999.000;-99999.000;-99999.000;-99999.000;-99999.000;-99999.000;-99999.000;
171;-85.000000;-14.000000;1;-99999.000;-99999.000;-99999.000;-99999.000;-99999.000;-99999.000;-99999.000;-99999.000;
172;-57.000000;-64.000000;0;-99999.000;-99999.000;-99999.000;-99999.000;-99999.000;-99999.000;-99999.000;-99999.000;
173;-81.000000;-38.000000;1;-99999.000;-99999.000;-99999.000;-99999.000;-99999.000;-99999.000;-99999.000;-99999.000;
174;-20.000000;-79.000000;0;-99999.000;-99999.000;-99999.000;-99999.000;-99999.000;-99999.000;-99999.000;-99999.000;
175;-45.000000;-56.000000;0;-99999.000;-99999.000;-99999.000;-99999.000;-99999.000;-99999.000;-99999.000;-99999.000;
176;-11.000000;-25.000000;1;-99999.000;-99999.000;-99999.000;-99999.000;-99999.000;-99999.000;-99999.000;-99999.000;
177;-71.000000;-42.000000;1;498.580;6.670;-70.000;375.000;1086.670;847.000;80.000;1086.670;
178;-40.000000;-2.000000;1;-99999.000;-99999.000;-99999.000;-99999.000;-99999.000;-99999.000;-99999.000;-99999.000;
179;-73.000000;-95.000000;1;-99999.000;-99999.000;-99999.000;-99999.000;-99999.000;-99999.000;-99999.000;-99999.000;
180;-8.000000;-63.000000;1;-99999.000;-99999.000;-99999.000;-99999.000;-99999.000;-99999.000;-99999.000;-99999.000;
181;-94.000000;-62.000000;1;-99999.000;-99999.000;-99999.000;-99999.000;-99999.000;-99999.000;-99999.000;-99999.000;
182;-28.000000;-62.000000;1;-99999.000;-99999.000;-99999.000;-99999.000;-99999.000;-99999.000;-99999.000;-99999.000;
183;-32.000000;-59.000000;0;-99999.000;-99999.000;-99999.000;-99999.000;-99999.000;-99999.000;-99999.000;-99999.000;
184;-95.000000;-80.000000;0;-99999.000;-99999.000;-99999.000;-99999.000;-99999.000;-99999.000;-99999.000;-99999.000;
185;-76.000000;-36.000000;1;-99999.000;-99999.000;-99999.000;-99999.000;-99999.000;-99999.000;-99999.000;-99999.000;
186;-27.000000;-66.000000;0;-99999.000;-99999.000;-99999.000;-99999.000;-99999.000;-99999.000;-99999.000;-99999.000;
187;-97.000000;-64.000000;0;-99999.000;-99999.000;-99999.000;-99999.000;-99999.000;-99999.000;-99999.000;-99999.000;
188;-69.000000;-68.000000;0;-99999.000;-99999.000;-99999.000;-99999.000;-99999.000;-99999.000;-99999.000;-99999.000;
189;-96.000000;-67.000000;1;-99999.000;-99999.000;-99999.000;-99999.000;-99999.000;-99999.000;-99999.000;-99999.000;
190;-23.000000;-57.000000;1;-99999.000;-99999.000;-99999.000;-99999.000;-99999.000;-99999.000;-99999.000;-99999.000;
191;-2.000000;-82.000000;0;-99999.000;-99999.000;-99999.000;-99999.000;-99999.000;-99999.000;-99999.000;-99999.000;
192;-70.000000;-12.000000;1;2421.210;2493.330;2270.000;281.000;2506.670;2389.000;790.000;2270.000;
193;-69.000000;-72.000000;0;-99999.000;-99999.000;-99999.000;-99999.000;-99999.000;-99999.000;-99999.000;-99999.000;
194;-92.000000;-47.000000;0;-99999.000;-99999.000;-99999.000;-99999.000;-99999.000;-99999.000;-99999.000;-99999.000;
195;-81.000000;-8.000000;0;-99999.000;-99999.000;-99999.000;-99999.000;-99999.000;-99999.000;-99999.000;-99999.000;
196;-78.000000;-90.000000;1;-99999.000;-99999.000;-99999.000;-99999.000;-99999.000;-99999.000;-99999.000;-99999.000;
197;-6.000000;-13.000000;0;-99999.000;-99999.000;-99999.000;-99999.000;-99999.000;-99999.000;-99999.000;-99999.000;
198;-26.000000;-26.000000;0;-99999.000;-99999.000;-99999.000;-99999.000;-99999.000;-99999.000;-99999.000;-99999.000;
199;-86.000000;-87.000000;1;-99999.000;-99999.000;-99999.000;-99999.000;-99999.000;-99999.000;-99999.000;-99999.000;
200;-8.000000;-60.000000;1;-99999.000;-99999.000;-99999.000;-99999.000;-99999.000;-99999.000;-99999.000;-99999.000;
201;-27.000000;-76.000000;1;-99999.000;-99999.000;-99999.000;-99999.000;-99999.000;-99999.000;-99999.000;-99999.000;
202;-10.000000;-34.000000;1;-99999.000;-99999.000;-99999.000;-99999.000;-99999.000;-99999.000;-99999.000;-99999.000;
203;-65.000000;-11.000000;0;2622.380;2596.670;2560.000;78.000;2713.330;1483.000;371.000;2560.000;
204;-62.000000;-39.000000;0;-99999.000;-99999.000;-99999.000;-99999.000;-99999.000;-99999.000;-99999.000;-99999.000;
205;-13.000000;-34.000000;0;-99999.000;-99999.000;-99999.000;-99999.000;-99999.000;-99999.000;-99999.000;-99999.000;
206;-64.000000;-54.000000;0;-99999.000;-99999.000;-99999.000;-99999.000;-99999.000;-99999.000;-99999.000;-99999.000;
207;-31.000000;-33.000000;1;-99999.000;-99999.000;-99999.000;-99999.000;-99999.000;-99999.000;-99999.000;-99999.000;
208;-25.000000;-28.000000;0;-99999.000;-99999.000;-99999.000;-99999.000;-99999.000;-99999.000;-99999.000;-99999.000;
209;-90.000000;18.000000;0;2618.110;2706.670;2333.330;161.000;2820.000;1365.000;381.000;2603.330;
210;-27.000000;-24.000000;1;-99999.000;-99999.000;-99999.000;-99999.000;-99999.000;-99999.000;-99999.000;-99999.000;
211;-42.000000;-44.000000;1;-99999.000;-99999.000;-99999.000;-99999.000;-99999.000;-99999.000;-99999.000;-99999.000;
212;-37.000000;-28.000000;0;-99999.000;-99999.000;-99999.000;-99999.000;-99999.000;-99999.000;-99999.000;-99999.000;
213;-50.000000;-94.000000;1;-99999.000;-99999.000;-99999.000;-99999.000;-99999.000;-99999.000;-99999.000;-99999.000;
214;-77.000000;-68.000000;1;-99999.000;-99999.000;-99999.000;-99999.000;-99999.000;-99999.000;-99999.000;-99999.000;
215;-70.000000;-11.000000;1;2349.510;2423.330;2200.000;155.000;2433.330;1847.000;677.000;2200.000;
216;-87.000000;-52.000000;0;-99999.000;-99999.000;-99999.000;-99999.000;-99999.000;-99999.000;-99999.000;-99999.000;
217;-52.000000;-49.000000;1;-99999.000;-99999.000;-99999.000;-99999.000;-99999.000;-99999.000;-99999.000;-99999.000;
218;-54.000000;-42.000000;1;-99999.000;-99999.000;-99999.000;-99999.000;-99999.000;-99999.000;-99999.000;-99999.000;
219;-90.000000;-95.000000;1;-99999.000;-99999.000;-99999.000;-99999.000;-99999.000;-99999.000;-99999.000;-99999.000;
220;-10.000000;-10.000000;1;-99999.000;-99999.000;-99999.000;-99999.000;-99999.000;-99999.000;-99999.000;-99999.000;
221;-40.000000;-13.000000;0;1872.190;1833.330;1673.330;537.000;2040.000;1711.000;288.000;2030.000;
222;-49.000000;-95.000000;1;-99999.000;-99999.000;-99999.000;-99999.000;-99999.000;-99999.000;-99999.000;-99999.000;
223;-79.000000;-54.000000;1;-99999.000;-99999.000;-99999.000;-99999.000;-99999.000;-99999.000;-99999.000;-99999.000;
224;-64.000000;-12.000000;0;2652.080;2663.330;2526.670;100.000;2746.670;1448.000;378.000;2530.000;
225;-91.000000;-22.000000;0;-99999.000;-99999.000;-99999.000;-99999.000;-99999.000;-99999.000;-99999.000;-99999.000;
226;-28.000000;-8.000000;1;-99999.000;-99999.000;-99999.000;-99999.000;-99999.000;-99999.000;-99999.000;-99999.000;
227;-54.000000;-5.000000;0;2463.620;2410.000;2410.000;1079.000;2553.330;2510.000;235.000;2526.670;
228;-42.000000;-65.000000;0;-99999.000;-99999.000;-99999.000;-99999.000;-99999.000;-99999.000;-99999.000;-99999.000;
229;-32.000000;-70.000000;1;-99999.000;-99999.000;-99999.000;-99999.000;-99999.000;-99999.000;-99999.000;-99999.000;
230;-12.000000;-62.000000;1;-99999.000;-99999.000;-99999.000;-99999.000;-99999.000;-99999.000;-99999.000;-99999.000;
231;-3.000000;-3.000000;0;-99999.000;-99999.000;-99999.000;-99999.000;-99999.000;-99999.000;-99999.000;-99999.000;
232;-34.000000;-6.000000;0;-99999.000;-99999.000;-99999.000;-99999.000;-99999.000;-99999.000;-99999.000;-99999.000;
233;-84.000000;-14.000000;0;-99999.000;-99999.000;-99999.000;-99999.000;-99999.000;-99999.000;-99999.000;-99999.000;
234;-10.000000;-20.000000;1;-99999.000;-99999.000;-99999.000;-99999.000;-99999.000;-99999.000;-99999.000;-99999.000;
235;-51.000000;-82.000000;1;-99999.000;-99999.000;-99999.000;-99999.000;-99999.000;-99999.000;-99999.000;-99999.000;
236;-51.000000;-81.000000;0;-99999.000;-99999.000;-99999.000;-99999.000;-99999.000;-99999.000;-99999.000;-99999.000;
237;-11.000000;-30.000000;1;-99999.000;-99999.000;-99999.000;-99999.000;-99999.000;-99999.000;-99999.000;-99999.000;
238;-33.000000;-41.000000;1;-99999.000;-99999.000;-99999.000;-99999.000;-99999.000;-99999.000;-99999.000;-99999.000;
239;-50.000000;-96.000000;0;-99999.000;-99999.000;-99999.000;-99999.000;-99999.000;-99999.000;-99999.000;-99999.000;
240;-101.000000;22.000000;0;1608.550;1790.000;1236.670;22.000;1896.670;453.000;146.000;1350.000;
241;-71.000000;-14.000000;0;239.920;380.000;-10.000;218.000;380.000;1689.000;671.000;83.330;
242;-69.000000;-57.000000;0;-99999.000;-99999.000;-99999.000;-99999.000;-99999.000;-99999.000;-99999.000;-99999.000;
243;-88.000000;-81.000000;1;-99999.000;-99999.000;-99999.000;-99999.000;-99999.000;-99999.000;-99999.000;-99999.000;
244;-9.000000;-85.000000;1;-99999.000;-99999.000;-99999.000;-99999.000;-99999.000;-99999.000;-99999.000;-99999.000;
245;-33.000000;-23.000000;1;-99999.000;-99999.000;-99999.000;-99999.000;-99999.000;-99999.000;-99999.000;-99999.000;
246;-83.000000;-78.000000;0;-99999.000;-99999.000;-99999.000;-99999.000;-99999.000;-99999.000;-99999.000;-99999.000;
247;-53.000000;-46.000000;1;-99999.000;-99999.000;-99999.000;-99999.000;-99999.000;-99999.000;-99999.000;-99999.000;
248;-17.000000;-90.000000;1;-99999.000;-99999.000;-99999.000;-99999.000;-99999.000;-99999.000;-99999.000;-99999.000;
249;-33.000000;-63.000000;0;-99999.000;-99999.000;-99999.000;-99999.000;-99999.000;-99999.000;-99999.000;-99999.000;
250;-89.000000;-14.000000;1;-99999.000;-99999.000;-99999.000;-99999.000;-99999.000;-99999.000;-99999.000;-99999.000;
251;-60.000000;-28.000000;0;2065.640;2623.330;1536.670;103.000;2623.330;1116.000;397.000;1536.670;
252;-37.000000;-66.000000;1;-99999.000;-99999.000;-99999.000;-99999.000;-99999.000;-99999.000;-99999.000;-99999.000;
253;-41.000000;-91.000000;1;-99999.000;-99999.000;-99999.000;-99999.000;-99999.000;-99999.000;-99999.000;-99999.000;
254;-75.000000;-95.000000;1;-99999.000;-99999.000;-99999.000;-99999.000;-99999.000;-99999.000;-99999.000;-99999.000;
255;-8.000000;-62.000000;0;-99999.000;-99999.000;-99999.000;-99999.000;-99999.000;-99999.000;-99999.000;-99999.000;
256;-6.000000;-64.000000;1;-99999.000;-99999.000;-99999.000;-99999.000;-99999.000;-99999.000;-99999.000;-99999.000;
257;-33.000000;-90.000000;1;-99999.000;-99999.000;-99999.000;-99999.000;-99999.000;-99999.000;-99999.000;-99999.000;
258;-38.000000;-42.000000;1;-99999.000;-99999.000;-99999.000;-99999.000;-99999.000;-99999.000;-99999.000;-99999.000;
259;-24.000000;-22.000000;1;-99999.000;-99999.000;-99999.000;-99999.000;-99999.000;-99999.000;-99999.000;-99999.000;
260;-33.000000;-85.000000;1;-99999.000;-99999.000;-99999.000;-99999.000;-99999.000;-99999.000;-99999.000;-99999.000;
261;-61.000000;-30.000000;1;1918.440;2443.330;1320.000;85.000;2533.330;912.000;326.000;1320.000;
262;-27.000000;-19.000000;1;-99999.000;-99999.000;-99999.000;-99999.000;-99999.000;-99999.000;-99999.000;-99999.000;
263;-47.000000;-15.000000;0;2353.450;2416.670;2153.330;31.000;2470.000;1583.000;412.000;2170.000;
264;-50.000000;-17.000000;1;2263.450;2343.330;2040.000;41.000;2393.330;1543.000;407.000;2060.000;
265;-34.000000;-78.000000;1;-99999.000;-99999.000;-99999.000;-99999.000;-99999.000;-99999.000;-99999.000;-99999.000;
266;-9.000000;-79.000000;0;-99999.000;-99999.000;-99999.000;-99999.000;-99999.000;-99999.000;-99999.000;-99999.000;
267;-17.000000;-30.000000;0;-99999.000;-99999.000;-99999.000;-99999.000;-99999.000;-99999.000;-99999.000;-99999.000;
268;-16.000000;-45.000000;1;-99999.000;-99999.000;-99999.000;-99999.000;-99999.000;-99999.000;-99999.000;-99999.000;
269;-26.000000;-66.000000;0;-99999.000;-99999.000;-99999.000;-99999.000;-99999.000;-99999.000;-99999.000;-99999.000;
270;-71.000000;-7.000000;0;2505.510;2530.000;2426.670;276.000;2553.330;2307.000;691.000;2426.670;
271;-81.000000;-18.000000;0;-99999.000;-99999.000;-99999.000;-99999.000;-99999.000;-99999.000;-99999.000;-99999.000;
272;-27.000000;-62.000000;1;-99999.000;-99999.000;-99999.000;-99999.000;-99999.000;-99999.000;-99999.000;-99999.000;
273;-84.000000;-5.000000;1;-99999.000;-99999.000;-99999.000;-99999.000;-99999.000;-99999.000;-99999.000;-99999.000;
274;-58.000000;-51.000000;0;-99999.000;-99999.000;-99999.000;-99999.000;-99999.000;-99999.000;-99999.000;-99999.000;
275;-88.000000;-19.000000;1;-99999.000;-99999.000;-99999.000;-99999.000;-99999.000;-99999.000;-99999.000;-99999.000;
276;-31.000000;-27.000000;1;-99999.000;-99999.000;-99999.000;-99999.000;-99999.000;-99999.000;-99999.000;-99999.000;
277;-13.000000;-45.000000;0;-99999.000;-99999.000;-99999.000;-99999.000;-99999.000;-99999.000;-99999.000;-99999.000;
278;-65.000000;-14.000000;0;2621.640;2686.670;2410.000;115.000;2743.330;1648.000;390.000;2410.000;
279;-61.000000;-36.000000;0;1525.700;1843.330;850.000;111.000;2236.670;814.000;243.000;850.000;
280;-27.000000;-82.000000;1;-99999.000;-99999.000;-99999.000;-99999.000;-99999.000;-99999.000;-99999.000;-99999.000;
281;-64.000000;-53.000000;1;-99999.000;-99999.000;-99999.000;-99999.000;-99999.000;-99999.000;-99999.000;-99999.000;
282;-10.000000;-58.000000;1;-99999.000;-99999.000;-99999.000;-99999.000;-99999.000;-99999.000;-99999.000;-99999.000;
283;-93.000000;-28.000000;1;-99999.000;-99999.000;-99999.000;-99999.000;-99999.000;-99999.000;-99999.000;-99999.000;
284;-66.000000;-76.000000;0;-99999.000;-99999.000;-99999.000;-99999.000;-99999.000;-99999.000;-99999.000;-99999.000;
285;-81.000000;-13.000000;1;-99999.000;-99999.000;-99999.000;-99999.000;-99999.000;-99999.000;-99999.000;-99999.000;
286;-52.000000;-68.000000;0;-99999.000;-99999.000;-99999.000;-99999.000;-99999.000;-99999.000;-99999.000;-99999.000;
287;-64.000000;-61.000000;1;-99999.000;-99999.000;-99999.000;-99999.000;-99999.000;-99999.000;-99999.000;-99999.000;
288;-93.000000;-4.000000;0;-99999.000;-99999.000;-99999.000;-99999.000;-99999.000;-99999.000;-99999.000;-99999.000;
289;-84.000000;-67.000000;1;-99999.000;-99999.000;-99999.000;-99999.000;-99999.000;-99999.000;-99999.000;-99999.000;
290;-34.000000;-33.000000;1;-99999.000;-99999.000;-99999.000;-99999.000;-99999.000;-99999.000;-99999.000;-99999.000;
291;-16.000000;-86.000000;1;-99999.000;-99999.000;-99999.000;-99999.000;-99999.000;-99999.000;-99999.000;-99999.000;
292;-93.000000;-5.000000;1;-99999.000;-99999.000;-99999.000;-99999.000;-99999.000;-99999.000;-99999.000;-99999.000;
293;-68.000000;-93.000000;1;-99999.000;-99999.000;-99999.000;-99999.000;-99999.000;-99999.000;-99999.000;-99999.000;
294;-51.000000;-7.000000;1;2367.700;2326.670;2326.670;856.000;2436.670;1928.000;195.000;2393.330;
295;-22.000000;-79.000000;0;-99999.000;-99999.000;-99999.000;-99999.000;-99999.000;-99999.000;-99999.000;-99999.000;
296;-8.000000;-25.000000;0;-99999.000;-99999.000;-99999.000;-99999.000;-99999.000;-99999.000;-99999.000;-99999.000;
297;-33.000000;-93.000000;0;-99999.000;-99999.000;-99999.000;-99999.000;-99999.000;-99999.000;-99999.000;-99999.000;
298;-9.000000;-80.000000;1;-99999.000;-99999.000;-99999.000;-99999.000;-99999.000;-99999.000;-99999.000;-99999.000;
299;-25.000000;-55.000000;1;-99999.000;-99999.000;-99999.000;-99999.000;-99999.000;-99999.000;-99999.000;-99999.000;
300;-72.000000;-54.000000;0;414.030;420.000;56.670;157.000;773.330;655.000;159.000;253.330;
301;-96.000000;-55.000000;1;-99999.000;-99999.000;-99999.000;-99999.000;-99999.000;-99999.000;-99999.000;-99999.000;
302;-64.000000;-6.000000;1;2576.900;2550.000;2543.330;320.000;2623.330;2424.000;360.000;2563.330;
303;-32.000000;-6.000000;1;-99999.000;-99999.000;-99999.000;-99999.000;-99999.000;-99999.000;-99999.000;-99999.000;
304;-79.000000;-97.000000;0;-99999.000;-99999.000;-99999.000;-99999.000;-99999.000;-99999.000;-99999.000;-99999.000;
305;-5.000000;-79.000000;0;-99999.000;-99999.000;-99999.000;-99999.000;-99999.000;-99999.000;-99999.000;-99999.000;
306;-69.000000;-25.000000;0;232.410;-23.330;-73.330;11.000;513.330;14.000;0.000;513.330;
307;-25.000000;-28.000000;1;-99999.000;-99999.000;-99999.000;-99999.000;-99999.000;-99999.000;-99999.000;-99999.000;
308;-3.000000;-20.000000;0;-99999.000;-99999.000;-99999.000;-99999.000;-99999.000;-99999.000;-99999.000;-99999.000;
309;-71.000000;-86.000000;1;-99999.000;-99999.000;-99999.000;-99999.000;-99999.000;-99999.000;-99999.000;-99999.000;
310;-5.000000;-63.000000;0;-99999.000;-99999.000;-99999.000;-99999.000;-99999.000;-99999.000;-99999.000;-99999.000;
311;-50.000000;-59.000000;1;-99999.000;-99999.000;-99999.000;-99999.000;-99999.000;-99999.000;-99999.000;-99999.000;
312;-41.000000;-6.000000;1;2466.710;2406.670;2360.000;323.000;2590.000;879.000;69.000;2530.000;
313;-90.000000;-52.000000;1;-99999.000;-99999.000;-99999.000;-99999.000;-99999.000;-99999.000;-99999.000;-99999.000;
314;-71.000000;-79.000000;0;-99999.000;-99999.000;-99999.000;-99999.000;-99999.000;-99999.000;-99999.000;-99999.000;
315;-10.000000;-10.000000;1;-99999.000;-99999.000;-99999.000;-99999.000;-99999.000;-99999.000;-99999.000;-99999.000;
316;-51.000000;-13.000000;1;2653.560;2716.670;2493.330;24.000;2750.000;1571.000;392.000;2496.670;
317;-38.000000;-81.000000;1;-99999.000;-99999.000;-99999.000;-99999.000;-99999.000;-99999.000;-99999.000;-99999.000;
318;-27.000000;-17.000000;0;-99999.000;-99999.000;-99999.000;-99999.000;-99999.000;-99999.000;-99999.000;-99999.000;
319;-29.000000;-31.000000;0;-99999.000;-99999.000;-99999.000;-99999.000;-99999.000;-99999.000;-99999.000;-99999.000;
320;-23.000000;-29.000000;0;-99999.000;-99999.000;-99999.000;-99999.000;-99999.000;-99999.000;-99999.000;-99999.000;
321;-90.000000;-73.000000;1;-99999.000;-99999.000;-99999.000;-99999.000;-99999.000;-99999.000;-99999.000;-99999.000;
322;-70.000000;-88.000000;1;-99999.000;-99999.000;-99999.000;-99999.000;-99999.000;-99999.000;-99999.000;-99999.000;
323;-83.000000;-21.000000;1;-99999.000;-99999.000;-99999.000;-99999.000;-99999.000;-99999.000;-99999.000;-99999.000;
324;-87.000000;-61.000000;0;-99999.000;-99999.000;-99999.000;-99999.000;-99999.000;-99999.000;-99999.000;-99999.000;
325;-78.000000;-58.000000;1;-99999.000;-99999.000;-99999.000;-99999.000;-99999.000;-99999.000;-99999.000;-99999.000;
326;-58.000000;-90.000000;1;-99999.000;-99999.000;-99999.000;-99999.000;-99999.000;-99999.000;-99999.000;-99999.000;
327;-77.000000;-69.000000;0;-99999.000;-99999.000;-99999.000;-99999.000;-99999.000;-99999.000;-99999.000;-99999.000;
328;-25.000000;-73.000000;0;-99999.000;-99999.000;-99999.000;-99999.000;-99999.000;-99999.000;-99999.000;-99999.000;
329;-19.000000;-27.000000;0;-99999.000;-99999.000;-99999.000;-99999.000;-99999.000;-99999.000;-99999.000;-99999.000;
330;-56.000000;-73.000000;1;-99999.000;-99999.000;-99999.000;-99999.000;-99999.000;-99999.000;-99999.000;-99999.000;
331;-36.000000;-45.000000;0;-99999.000;-99999.000;-99999.000;-99999.000;-99999.000;-99999.000;-99999.000;-99999.000;
332;-53.000000;-70.000000;0;-99999.000;-99999.000;-99999.000;-99999.000;-99999.000;-99999.000;-99999.000;-99999.000;
333;-46.000000;-98.000000;0;-99999.000;-99999.000;-99999.000;-99999.000;-99999.000;-99999.000;-99999.000;-99999.000;
334;-63.000000;-14.000000;0;2671.970;2726.670;2486.670;116.000;2796.670;1366.000;336.000;2510.000;
335;-62.000000;-2.000000;1;2610.900;2583.330;2576.670;702.000;2656.670;2163.000;459.000;2613.330;
336;-70.000000;-17.000000;0;113.510;353.330;-206.670;6.000;353.330;329.000;212.000;-206.670;
337;-65.000000;-17.000000;1;2063.780;2263.330;1770.000;181.000;2283.330;1831.000;527.000;1863.330;
338;-10.000000;-20.000000;1;-99999.000;-99999.000;-99999.000;-99999.000;-99999.000;-99999.000;-99999.000;-99999.000;
339;-19.000000;-36.000000;0;-99999.000;-99999.000;-99999.000;-99999.000;-99999.000;-99999.000;-99999.000;-99999.000;
340;-20.000000;-54.000000;0;-99999.000;-99999.000;-99999.000;-99999.000;-99999.000;-99999.000;-99999.000;-99999.000;
341;-42.000000;-2.000000;1;-99999.000;-99999.000;-99999.000;-99999.000;-99999.000;-99999.000;-99999.000;-99999.000;
342;-4.000000;-80.000000;0;-99999.000;-99999.000;-99999.000;-99999.000;-99999.000;-99999.000;-99999.000;-99999.000;
343;-32.000000;-55.000000;0;-99999.000;-99999.000;-99999.000;-99999.000;-99999.000;-99999.000;-99999.000;-99999.000;
344;-38.000000;-12.000000;0;2374.580;2343.330;2153.330;541.000;2546.670;1597.000;228.000;2536.670;
345;-50.000000;-66.000000;0;-99999.000;-99999.000;-99999.000;-99999.000;-99999.000;-99999.000;-99999.000;-99999.000;
346;-88.000000;-93.000000;1;-99999.000;-99999.000;-99999.000;-99999.000;-99999.000;-99999.000;-99999.000;-99999.000;
347;-83.000000;-8.000000;0;-99999.000;-99999.000;-99999.000;-99999.000;-99999.000;-99999.000;-99999.000;-99999.000;
348;-63.000000;-7.000000;1;2562.710;2530.000;2526.670;214.000;2626.670;2318.000;330.000;2553.330;
349;-59.000000;-21.000000;0;2532.490;2840.000;2130.000;135.000;2853.330;1014.000;380.000;2146.670;
350;-83.000000;-80.000000;0;-99999.000;-99999.000;-99999.000;-99999.000;-99999.000;-99999.000;-99999.000;-99999.000;
351;-61.000000;-26.000000;0;2144.330;2570.000;1633.330;80.000;2653.330;930.000;352.000;1633.330;
352;-46.000000;-63.000000;1;-99999.000;-99999.000;-99999.000;-99999.000;-99999.000;-99999.000;-99999.000;-99999.000;
353;-93.000000;-47.000000;0;-99999.000;-99999.000;-99999.000;-99999.000;-99999.000;-99999.000;-99999.000;-99999.000;
354;-64.000000;-97.000000;0;-99999.000;-99999.000;-99999.000;-99999.000;-99999.000;-99999.000;-99999.000;-99999.000;
355;-30.000000;-49.000000;0;-99999.000;-99999.000;-99999.000;-99999.000;-99999.000;-99999.000;-99999.000;-99999.000;
356;-50.000000;-95.000000;1;-99999.000;-99999.000;-99999.000;-99999.000;-99999.000;-99999.000;-99999.000;-99999.000;
357;-90.000000;-3.000000;1;-99999.000;-99999.000;-99999.000;-99999.000;-99999.000;-99999.000;-99999.000;-99999.000;
358;-57.000000;1.000000;0;2690.220;2643.330;2630.000;526.000;2806.670;2142.000;188.000;2806.670;
359;-87.000000;-88.000000;1;-99999.000;-99999.000;-99999.000;-99999.000;-99999.000;-99999.000;-99999.000;-99999.000;
360;-90.000000;-55.000000;0;-99999.000;-99999.000;-99999.000;-99999.000;-99999.000;-99999.000;-99999.000;-99999.000;
361;-102.000000;25.000000;0;1916.030;2243.330;1410.000;42.000;2310.000;355.000;162.000;1770.000;
362;-83.000000;-82.000000;1;-99999.000;-99999.000;-99999.000;-99999.000;-99999.000;-99999.000;-99999.000;-99999.000;
363;-90.000000;-61.000000;1;-99999.000;-99999.000;-99999.000;-99999.000;-99999.000;-99999.000;-99999.000;-99999.000;
364;-50.000000;-91.000000;0;-99999.000;-99999.000;-99999.000;-99999.000;-99999.000;-99999.000;-99999.000;-99999.000;
365;-89.000000;-68.000000;1;-99999.000;-99999.000;-99999.000;-99999.000;-99999.000;-99999.000;-99999.000;-99999.000;
366;-47.000000;-26.000000;1;-99999.000;-99999.000;-99999.000;-99999.000;-99999.000;-99999.000;-99999.000;-99999.000;
367;-73.000000;-87.000000;1;-99999.000;-99999.000;-99999.000;-99999.000;-99999.000;-99999.000;-99999.000;-99999.000;
368;-3.000000;-1.000000;0;-99999.000;-99999.000;-99999.000;-99999.000;-99999.000;-99999.000;-99999.000;-99999.000;
369;-98.000000;-88.000000;1;-99999.000;-99999.000;-99999.000;-99999.000;-99999.000;-99999.000;-99999.000;-99999.000;
370;-63.000000;-52.000000;0;-99999.000;-99999.000;-99999.000;-99999.000;-99999.000;-99999.000;-99999.000;-99999.000;
371;-55.000000;-45.000000;1;-99999.000;-99999.000;-99999.000;-99999.000;-99999.000;-99999.000;-99999.000;-99999.000;
372;-32.000000;-8.000000;1;-99999.000;-99999.000;-99999.000;-99999.000;-99999.000;-99999.000;-99999.000;-99999.000;
373;-74.000000;8.000000;0;2434.960;2403.330;2400.000;720.000;2460.000;2123.000;420.000;2456.670;
374;-11.000000;-80.000000;1;-99999.000;-99999.000;-99999.000;-99999.000;-99999.000;-99999.000;-99999.000;-99999.000;
375;-85.000000;-74.000000;1;-99999.000;-99999.000;-99999.000;-99999.000;-99999.000;-99999.000;-99999.000;-99999.000;
376;-73.000000;-47.000000;0;2.600;-393.330;-433.330;494.000;426.670;1849.000;432.000;6.670;
377;-29.000000;-57.000000;1;-99999.000;-99999.000;-99999.000;-99999.000;-99999.000;-99999.000;-99999.000;-99999.000;
378;-70.000000;-6.000000;0;2556.470;2573.330;2493.330;461.000;2603.330;2634.000;702.000;2496.670;
379;-61.000000;-49.000000;0;-99999.000;-99999.000;-99999.000;-99999.000;-99999.000;-99999.000;-99999.000;-99999.000;
380;-26.000000;-70.000000;0;-99999.000;-99999.000;-99999.000;-99999.000;-99999.000;-99999.000;-99999.000;-99999.000;
381;-54.000000;-90.000000;0;-99999.000;-99999.000;-99999.000;-99999.000;-99999.000;-99999.000;-99999.000;-99999.000;
382;-95.000000;-53.000000;0;-99999.000;-99999.000;-99999.000;-99999.000;-99999.000;-99999.000;-99999.000;-99999.000;
383;-70.000000;-6.000000;0;2556.470;2573.330;2493.330;461.000;2603.330;2634.000;702.000;2496.670;
384;-14.000000;-89.000000;1;-99999.000;-99999.000;-99999.000;-99999.000;-99999.000;-99999.000;-99999.000;-99999.000;
385;-41.000000;-5.000000;0;2477.640;2413.330;2376.670;336.000;2593.330;893.000;66.000;2540.000;
386;-83.000000;-41.000000;1;-99999.000;-99999.000;-99999.000;-99999.000;-99999.000;-99999.000;-99999.000;-99999.000;
387;-37.000000;-63.000000;0;-99999.000;-99999.000;-99999.000;-99999.000;-99999.000;-99999.000;-99999.000;-99999.000;
388;-31.000000;-39.000000;1;-99999.000;-99999.000;-99999.000;-99999.000;-99999.000;-99999.000;-99999.000;-99999.000;
389;-89.000000;-93.000000;1;-99999.000;-99999.000;-99999.000;-99999.000;-99999.000;-99999.000;-99999.000;-99999.000;
390;-36.000000;-68.000000;1;-99999.000;-99999.000;-99999.000;-99999.000;-99999.000;-99999.000;-99999.000;-99999.000;
391;-85.000000;-33.000000;0;-99999.000;-99999.000;-99999.000;-99999.000;-99999.000;-99999.000;-99999.000;-99999.000;
392;-38.000000;-28.000000;0;-99999.000;-99999.000;-99999.000;-99999.000;-99999.000;-99999.000;-99999.000;-99999.000;
393;-105.000000;29.000000;0;1887.010;2550.000;1013.330;22.000;2663.330;307.000;176.000;1526.670;
394;-19.000000;-85.000000;0;-99999.000;-99999.000;-99999.000;-99999.000;-99999.000;-99999.000;-99999.000;-99999.000;
395;-53.000000;-21.000000;0;2295.010;2546.670;1956.670;189.000;2546.670;1322.000;529.000;1973.330;
396;-71.000000;-12.000000;1;2586.220;2673.330;2426.670;363.000;2676.670;2507.000;818.000;2496.670;
397;-91.000000;-19.000000;1;-99999.000;-99999.000;-99999.000;-99999.000;-99999.000;-99999.000;-99999.000;-99999.000;
398;-29.000000;-90.000000;0;-99999.000;-99999.000;-99999.000;-99999.000;-99999.000;-99999.000;-99999.000;-99999.000;
399;-62.000000;-16.000000;1;2553.400;2683.330;2280.000;120.000;2730.000;1095.000;385.000;2313.330;
400;-37.000000;-81.000000;0;-99999.000;-99999.000;-99999.000;-99999.000;-99999.000;-99999.000;-99999.000;-99999.000;
401;-69.000000;-98.000000;1;-99999.000;-99999.000;-99999.000;-99999.000;-99999.000;-99999.000;-99999.000;-99999.000;
402;-16.000000;-16.000000;0;-99999.000;-99999.000;-99999.000;-99999.000;-99999.000;-99999.000;-99999.000;-99999.000;
403;-59.000000;-16.000000;0;2334.790;2500.000;2046.670;107.000;2506.670;1187.000;504.000;2056.670;
404;-35.000000;-1.000000;0;-99999.000;-99999.000;-99999.000;-99999.000;-99999.000;-99999.000;-99999.000;-99999.000;
405;-23.000000;-61.000000;0;-99999.000;-99999.000;-99999.000;-99999.000;-99999.000;-99999.000;-99999.000;-99999.000;
406;-56.000000;-18.000000;0;2516.360;2706.670;2213.330;113.000;2713.330;1229.000;503.000;2226.670;
407;-88.000000;-55.000000;1;-99999.000;-99999.000;-99999.000;-99999.000;-99999.000;-99999.000;-99999.000;-99999.000;
408;-10.000000;-60.000000;1;-99999.000;-99999.000;-99999.000;-99999.000;-99999.000;-99999.000;-99999.000;-99999.000;
409;-74.000000;-68.000000;1;-99999.000;-99999.000;-99999.000;-99999.000;-99999.000;-99999.000;-99999.000;-99999.000;
410;-35.000000;-95.000000;0;-99999.000;-99999.000;-99999.000;-99999.000;-99999.000;-99999.000;-99999.000;-99999.000;
411;-10.000000;-80.000000;1;-99999.000;-99999.000;-99999.000;-99999.000;-99999.000;-99999.000;-99999.000;-99999.000;
412;-16.000000;-82.000000;0;-99999.000;-99999.000;-99999.000;-99999.000;-99999.000;-99999.000;-99999.000;-99999.000;
413;-63.000000;-23.000000;0;2291.970;2753.330;1746.670;43.000;2753.330;790.000;412.000;1950.000;
414;-87.000000;-31.000000;0;-99999.000;-99999.000;-99999.000;-99999.000;-99999.000;-99999.000;-99999.000;-99999.000;
415;-57.000000;-86.000000;0;-99999.000;-99999.000;-99999.000;-99999.000;-99999.000;-99999.000;-99999.000;-99999.000;
416;-65.000000;-28.000000;0;1934.710;2436.670;1240.000;18.000;2566.670;535.000;272.000;1240.000;
417;-20.000000;-55.000000;1;-99999.000;-99999.000;-99999.000;-99999.000;-99999.000;-99999.000;-99999.000;-99999.000;
418;-78.000000;-93.000000;0;-99999.000;-99999.000;-99999.000;-99999.000;-99999.000;-99999.000;-99999.000;-99999.000;
419;-41.000000;-5.000000;0;2477.640;2413.330;2376.670;336.000;2593.330;893.000;66.000;2540.000;
420;-81.000000;-10.000000;1;-99999.000;-99999.000;-99999.000;-99999.000;-99999.000;-99999.000;-99999.000;-99999.000;
421;-30.000000;-50.000000;1;-99999.000;-99999.000;-99999.000;-99999.000;-99999.000;-99999.000;-99999.000;-99999.000;
422;-80.000000;-44.000000;1;-99999.000;-99999.000;-99999.000;-99999.000;-99999.000;-99999.000;-99999.000;-99999.000;
423;-64.000000;-93.000000;1;-99999.000;-99999.000;-99999.000;-99999.000;-99999.000;-99999.000;-99999.000;-99999.000;
424;-1.000000;-77.000000;0;-99999.000;-99999.000;-99999.000;-99999.000;-99999.000;-99999.000;-99999.000;-99999.000;
425;-11.000000;-15.000000;0;-99999.000;-99999.000;-99999.000;-99999.000;-99999.000;-99999.000;-99999.000;-99999.000;
426;-41.000000;-49.000000;1;-99999.000;-99999.000;-99999.000;-99999.000;-99999.000;-99999.000;-99999.000;-99999.000;
427;-66.000000;-62.000000;0;-99999.000;-99999.000;-99999.000;-99999.000;-99999.000;-99999.000;-99999.000;-99999.000;
428;-46.000000;-67.000000;1;-99999.000;-99999.000;-99999.000;-99999.000;-99999.000;-99999.000;-99999.000;-99999.000;
429;-16.000000;-86.000000;0;-99999.000;-99999.000;-99999.000;-99999.000;-99999.000;-99999.000;-99999.000;-99999.000;
430;-11.000000;-35.000000;0;-99999.000;-99999.000;-99999.000;-99999.000;-99999.000;-99999.000;-99999.000;-99999.000;
431;-8.000000;-30.000000;0;-99999.000;-99999.000;-99999.000;-99999.000;-99999.000;-99999.000;-99999.000;-99999.000;
432;-52.000000;-41.000000;1;-99999.000;-99999.000;-99999.000;-99999.000;-99999.000;-99999.000;-99999.000;-99999.000;
433;-43.000000;-50.000000;0;-99999.000;-99999.000;-99999.000;-99999.000;-99999.000;-99999.000;-99999.000;-99999.000;
434;-72.000000;-20.000000;1;-99999.000;-99999.000;-99999.000;-99999.000;-99999.000;-99999.000;-99999.000;-99999.000;
435;-72.000000;-58.000000;1;-99999.000;-99999.000;-99999.000;-99999.000;-99999.000;-99999.000;-99999.000;-99999.000;
436;-42.000000;-42.000000;1;-99999.000;-99999.000;-99999.000;-99999.000;-99999.000;-99999.000;-99999.000;-99999.000;
437;-20.000000;-11.000000;1;-99999.000;-99999.000;-99999.000;-99999.000;-99999.000;-99999.000;-99999.000;-99999.000;
438;-20.000000;-56.000000;1;-99999.000;-99999.000;-99999.000;-99999.000;-99999.000;-99999.000;-99999.000;-99999.000;
439;-76.000000;-60.000000;1;-99999.000;-99999.000;-99999.000;-99999.000;-99999.000;-99999.000;-99999.000;-99999.000;
440;-40.000000;-83.000000;1;-99999.000;-99999.000;-99999.000;-99999.000;-99999.000;-99999.000;-99999.000;-99999.000;
441;-57.000000;-41.000000;0;-99999.000;-99999.000;-99999.000;-99999.000;-99999.000;-99999.000;-99999.000;-99999.000;
442;-8.000000;-33.000000;0;-99999.000;-99999.000;-99999.000;-99999.000;-99999.000;-99999.000;-99999.000;-99999.000;
443;-64.000000;-96.000000;0;-99999.000;-99999.000;-99999.000;-99999.000;-99999.000;-99999.000;-99999.000;-99999.000;
444;-16.000000;-85.000000;1;-99999.000;-99999.000;-99999.000;-99999.000;-99999.000;-99999.000;-99999.000;-99999.000;
445;-72.000000;-42.000000;0;293.700;-170.000;-243.330;442.000;856.670;1059.000;124.000;856.670;
446;-5.000000;-92.000000;0;-99999.000;-99999.000;-99999.000;-99999.000;-99999.000;-99999.000;-99999.000;-99999.000;
447;-81.000000;-40.000000;0;-99999.000;-99999.000;-99999.000;-99999.000;-99999.000;-99999.000;-99999.000;-99999.000;
448;-11.000000;-56.000000;1;-99999.000;-99999.000;-99999.000;-99999.000;-99999.000;-99999.000;-99999.000;-99999.000;
449;-80.000000;-70.000000;0;-99999.000;-99999.000;-99999.000;-99999.000;-99999.000;-99999.000;-99999.000;-99999.000;
450;-33.000000;-85.000000;0;-99999.000;-99999.000;-99999.000;-99999.000;-99999.000;-99999.000;-99999.000;-99999.000;
451;-38.000000;-45.000000;1;-99999.000;-99999.000;-99999.000;-99999.000;-99999.000;-99999.000;-99999.000;-99999.000;
452;-76.000000;-8.000000;0;2400.660;2416.670;2336.670;208.000;2453.330;1771.000;527.000;2336.670;
453;-91.000000;-71.000000;1;-99999.000;-99999.000;-99999.000;-99999.000;-99999.000;-99999.000;-99999.000;-99999.000;
454;-11.000000;-77.000000;1;-99999.000;-99999.000;-99999.000;-99999.000;-99999.000;-99999.000;-99999.000;-99999.000;
455;-6.000000;-84.000000;0;-99999.000;-99999.000;-99999.000;-99999.000;-99999.000;-99999.000;-99999.000;-99999.000;
456;-86.000000;-83.000000;0;-99999.000;-99999.000;-99999.000;-99999.000;-99999.000;-99999.000;-99999.000;-99999.000;
457;-21.000000;-1.000000;1;-99999.000;-99999.000;-99999.000;-99999.000;-99999.000;-99999.000;-99999.000;-99999.000;
458;-98.000000;-51.000000;0;-99999.000;-99999.000;-99999.000;-99999.000;-99999.000;-99999.000;-99999.000;-99999.000;
459;-88.000000;-61.000000;1;-99999.000;-99999.000;-99999.000;-99999.000;-99999.000;-99999.000;-99999.000;-99999.000;
460;-89.000000;-82.000000;0;-99999.000;-99999.000;-99999.000;-99999.000;-99999.000;-99999.000;-99999.000;-99999.000;
461;-3.000000;-83.000000;1;-99999.000;-99999.000;-99999.000;-99999.000;-99999.000;-99999.000;-99999.000;-99999.000;
462;-57.000000;-70.000000;1;-99999.000;-99999.000;-99999.000;-99999.000;-99999.000;-99999.000;-99999.000;-99999.000;
463;-37.000000;-3.000000;1;-99999.000;-99999.000;-99999.000;-99999.000;-99999.000;-99999.000;-99999.000;-99999.000;
464;-91.000000;-19.000000;0;-99999.000;-99999.000;-99999.000;-99999.000;-99999.000;-99999.000;-99999.000;-99999.000;
465;-65.000000;-89.000000;0;-99999.000;-99999.000;-99999.000;-99999.000;-99999.000;-99999.000;-99999.000;-99999.000;
466;-31.000000;-19.000000;0;-99999.000;-99999.000;-99999.000;-99999.000;-99999.000;-99999.000;-99999.000;-99999.000;
467;-59.000000;-11.000000;0;2286.140;2333.330;2130.000;69.000;2376.670;2045.000;516.000;2130.000;
468;-74.000000;-19.000000;0;-99999.000;-99999.000;-99999.000;-99999.000;-99999.000;-99999.000;-99999.000;-99999.000;
469;-36.000000;-58.000000;1;-99999.000;-99999.000;-99999.000;-99999.000;-99999.000;-99999.000;-99999.000;-99999.000;
470;-1.000000;-27.000000;1;-99999.000;-99999.000;-99999.000;-99999.000;-99999.000;-99999.000;-99999.000;-99999.000;
471;-61.000000;-18.000000;0;2547.290;2736.670;2213.330;128.000;2753.330;1114.000;359.000;2410.000;
472;-69.000000;-39.000000;0;1250.470;850.000;536.670;38.000;1986.670;151.000;32.000;1886.670;
473;-78.000000;-78.000000;0;-99999.000;-99999.000;-99999.000;-99999.000;-99999.000;-99999.000;-99999.000;-99999.000;
474;-83.000000;-42.000000;1;-99999.000;-99999.000;-99999.000;-99999.000;-99999.000;-99999.000;-99999.000;-99999.000;
475;-23.000000;-65.000000;1;-99999.000;-99999.000;-99999.000;-99999.000;-99999.000;-99999.000;-99999.000;-99999.000;
476;-29.000000;-61.000000;0;-99999.000;-99999.000;-99999.000;-99999.000;-99999.000;-99999.000;-99999.000;-99999.000;
477;-22.000000;-90.000000;1;-99999.000;-99999.000;-99999.000;-99999.000;-99999.000;-99999.000;-99999.000;-99999.000;
478;-92.000000;-46.000000;1;-99999.000;-99999.000;-99999.000;-99999.000;-99999.000;-99999.000;-99999.000;-99999.000;
479;-17.000000;-5.000000;1;-99999.000;-99999.000;-99999.000;-99999.000;-99999.000;-99999.000;-99999.000;-99999.000;
480;-6.000000;-4.000000;0;-99999.000;-99999.000;-99999.000;-99999.000;-99999.000;-99999.000;-99999.000;-99999.000;
481;-92.000000;-48.000000;1;-99999.000;-99999.000;-99999.000;-99999.000;-99999.000;-99999.000;-99999.000;-99999.000;
482;-11.000000;-39.000000;0;-99999.000;-99999.000;-99999.000;-99999.000;-99999.000;-99999.000;-99999.000;-99999.000;
483;-81.000000;-38.000000;1;-99999.000;-99999.000;-99999.000;-99999.000;-99999.000;-99999.000;-99999.000;-99999.000;
484;-64.000000;-92.000000;0;-99999.000;-99999.000;-99999.000;-99999.000;-99999.000;-99999.000;-99999.000;-99999.000;
485;-79.000000;-82.000000;1;-99999.000;-99999.000;-99999.000;-99999.000;-99999.000;-99999.000;-99999.000;-99999.000;
486;-90.000000;18.000000;0;2618.110;2706.670;2333.330;161.000;2820.000;1365.000;381.000;2603.330;
487;-65.000000;-78.000000;0;-99999.000;-99999.000;-99999.000;-99999.000;-99999.000;-99999.000;-99999.000;-99999.000;
488;-70.000000;-38.000000;0;1144.600;520.000;440.000;84.000;1876.670;203.000;27.000;1783.330;
489;-40.000000;-45.000000;0;-99999.000;-99999.000;-99999.000;-99999.000;-99999.000;-99999.000;-99999.000;-99999.000;
490;-28.000000;-65.000000;0;-99999.000;-99999.000;-99999.000;-99999.000;-99999.000;-99999.000;-99999.000;-99999.000;
491;-55.000000;-35.000000;1;-99999.000;-99999.000;-99999.000;-99999.000;-99999.000;-99999.000;-99999.000;-99999.000;
492;-14.000000;-33.000000;1;-99999.000;-99999.000;-99999.000;-99999.000;-99999.000;-99999.000;-99999.000;-99999.000;
493;-74.000000;-67.000000;0;-99999.000;-99999.000;-99999.000;-99999.000;-99999.000;-99999.000;-99999.000;-99999.000;
494;-23.000000;-81.000000;0;-99999.000;-99999.000;-99999.000;-99999.000;-99999.000;-99999.000;-99999.000;-99999.000;
495;-63.000000;-13.000000;0;2632.820;2660.000;2466.670;110.000;2746.670;1450.000;360.000;2486.670;
496;-10.000000;-6.000000;1;-99999.000;-99999.000;-99999.000;-99999.000;-99999.000;-99999.000;-99999.000;-99999.000;
497;-45.000000;-55.000000;0;-99999.000;-99999.000;-99999.000;-99999.000;-99999.000;-99999.000;-99999.000;-99999.000;
498;-50.000000;-27.000000;1;1763.640;2146.670;1366.670;341.000;2156.670;1565.000;453.000;1400.000;
499;-79.000000;-25.000000;0;-99999.000;-99999.000;-99999.000;-99999.000;-99999.000;-99999.000;-99999.000;-99999.000;
500;-2.000000;-36.000000;0;-99999.000;-99999.000;-99999.000;-99999.000;-99999.000;-99999.000;-99999.000;-99999.000;
501;-52.000000;-41.000000;1;-99999.000;-99999.000;-99999.000;-99999.000;-99999.000;-99999.000;-99999.000;-99999.000;
502;-44.000000;-16.000000;1;2214.000;2320.000;1973.330;11.000;2346.670;1094.000;290.000;1973.330;
503;-47.000000;-8.000000;1;2478.600;2420.000;2420.000;782.000;2580.000;1593.000;162.000;2473.330;
504;-11.000000;-79.000000;1;-99999.000;-99999.000;-99999.000;-99999.000;-99999.000;-99999.000;-99999.000;-99999.000;
505;-57.000000;-81.000000;1;-99999.000;-99999.000;-99999.000;-99999.000;-99999.000;-99999.000;-99999.000;-99999.000;
506;-89.000000;-29.000000;0;-99999.000;-99999.000;-99999.000;-99999.000;-99999.000;-99999.000;-99999.000;-99999.000;
507;-5.000000;-45.000000;1;-99999.000;-99999.000;-99999.000;-99999.000;-99999.000;-99999.000;-99999.000;-99999.000;
508;-90.000000;-78.000000;1;-99999.000;-99999.000;-99999.000;-99999.000;-99999.000;-99999.000;-99999.000;-99999.000;
509;-94.000000;-73.000000;1;-99999.000;-99999.000;-99999.000;-99999.000;-99999.000;-99999.000;-99999.000;-99999.000;
510;-2.000000;-32.000000;1;-99999.000;-99999.000;-99999.000;-99999.000;-99999.000;-99999.000;-99999.000;-99999.000;
511;-36.000000;-3.000000;0;-99999.000;-99999.000;-99999.000;-99999.000;-99999.000;-99999.000;-99999.000;-99999.000;
512;-79.000000;-84.000000;1;-99999.000;-99999.000;-99999.000;-99999.000;-99999.000;-99999.000;-99999.000;-99999.000;
513;-37.000000;-53.000000;1;-99999.000;-99999.000;-99999.000;-99999.000;-99999.000;-99999.000;-99999.000;-99999.000;
514;-89.000000;-50.000000;0;-99999.000;-99999.000;-99999.000;-99999.000;-99999.000;-99999.000;-99999.000;-99999.000;
515;-73.000000;-29.000000;0;-99999.000;-99999.000;-99999.000;-99999.000;-99999.000;-99999.000;-99999.000;-99999.000;
516;-90.000000;-71.000000;0;-99999.000;-99999.000;-99999.000;-99999.000;-99999.000;-99999.000;-99999.000;-99999.000;
517;-52.000000;-53.000000;0;-99999.000;-99999.000;-99999.000;-99999.000;-99999.000;-99999.000;-99999.000;-99999.000;
518;-56.000000;-22.000000;0;2228.440;2496.670;1860.000;253.000;2523.330;1492.000;506.000;1883.330;
519;-73.000000;-35.000000;1;-99999.000;-99999.000;-99999.000;-99999.000;-99999.000;-99999.000;-99999.000;-99999.000;
520;-62.000000;-61.000000;1;-99999.000;-99999.000;-99999.000;-99999.000;-99999.000;-99999.000;-99999.000;-99999.000;
521;-95.000000;-57.000000;0;-99999.000;-99999.000;-99999.000;-99999.000;-99999.000;-99999.000;-99999.000;-99999.000;
522;-14.000000;-49.000000;1;-99999.000;-99999.000;-99999.000;-99999.000;-99999.000;-99999.000;-99999.000;-99999.000;
523;-46.000000;-45.000000;0;-99999.000;-99999.000;-99999.000;-99999.000;-99999.000;-99999.000;-99999.000;-99999.000;
524;-10.000000;-59.000000;1;-99999.000;-99999.000;-99999.000;-99999.000;-99999.000;-99999.000;-99999.000;-99999.000;
525;-36.000000;-15.000000;1;-99999.000;-99999.000;-99999.000;-99999.000;-99999.000;-99999.000;-99999.000;-99999.000;
526;-38.000000;-1.000000;0;-99999.000;-99999.000;-99999.000;-99999.000;-99999.000;-99999.000;-99999.000;-99999.000;
527;-19.000000;-24.000000;0;-99999.000;-99999.000;-99999.000;-99999.000;-99999.000;-99999.000;-99999.000;-99999.000;
528;-93.000000;-3.000000;1;-99999.000;-99999.000;-99999.000;-99999.000;-99999.000;-99999.000;-99999.000;-99999.000;
529;-31.000000;-60.000000;1;-99999.000;-99999.000;-99999.000;-99999.000;-99999.000;-99999.000;-99999.000;-99999.000;
530;-10.000000;-52.000000;0;-99999.000;-99999.000;-99999.000;-99999.000;-99999.000;-99999.000;-99999.000;-99999.000;
531;-68.000000;-43.000000;0;1004.030;440.000;373.330;93.000;1636.670;278.000;40.000;1636.670;
532;-17.000000;-98.000000;1;-99999.000;-99999.000;-99999.000;-99999.000;-99999.000;-99999.000;-99999.000;-99999.000;
533;-18.000000;-74.000000;0;-99999.000;-99999.000;-99999.000;-99999.000;-99999.000;-99999.000;-99999.000;-99999.000;
534;-76.000000;-24.000000;1;-99999.000;-99999.000;-99999.000;-99999.000;-99999.000;-99999.000;-99999.000;-99999.000;
535;-20.000000;-46.000000;1;-99999.000;-99999.000;-99999.000;-99999.000;-99999.000;-99999.000;-99999.000;-99999.000;
536;-53.000000;-66.000000;0;-99999.000;-99999.000;-99999.000;-99999.000;-99999.000;-99999.000;-99999.000;-99999.000;
537;-30.000000;-6.000000;1;-99999.000;-99999.000;-99999.000;-99999.000;-99999.000;-99999.000;-99999.000;-99999.000;
538;-57.000000;-3.000000;1;2735.420;2660.000;2660.000;1030.000;2840.000;2285.000;221.000;2810.000;
539;-92.000000;-29.000000;1;-99999.000;-99999.000;-99999.000;-99999.000;-99999.000;-99999.000;-99999.000;-99999.000;
540;-12.000000;-19.000000;0;-99999.000;-99999.000;-99999.000;-99999.000;-99999.000;-99999.000;-99999.000;-99999.000;
541;-85.000000;-62.000000;1;-99999.000;-99999.000;-99999.000;-99999.000;-99999.000;-99999.000;-99999.000;-99999.000;
542;-86.000000;-54.000000;1;-99999.000;-99999.000;-99999.000;-99999.000;-99999.000;-99999.000;-99999.000;-99999.000;
543;-52.000000;-55.000000;1;-99999.000;-99999.000;-99999.000;-99999.000;-99999.000;-99999.000;-99999.000;-99999.000;
544;-90.000000;-46.000000;0;-99999.000;-99999.000;-99999.000;-99999.000;-99999.000;-99999.000;-99999.000;-99999.000;
545;-63.000000;-19.000000;1;2486.850;2753.330;2130.000;36.000;2756.670;670.000;320.000;2130.000;
546;-19.000000;-45.000000;1;-99999.000;-99999.000;-99999.000;-99999.000;-99999.000;-99999.000;-99999.000;-99999.000;
547;-14.000000;-34.000000;1;-99999.000;-99999.000;-99999.000;-99999.000;-99999.000;-99999.000;-99999.000;-99999.000;
548;-45.000000;-1.000000;0;-99999.000;-99999.000;-99999.000;-99999.000;-99999.000;-99999.000;-99999.000;-99999.000;
549;-52.000000;-79.000000;1;-99999.000;-99999.000;-99999.000;-99999.000;-99999.000;-99999.000;-99999.000;-99999.000;
550;-92.000000;-86.000000;1;-99999.000;-99999.000;-99999.000;-99999.000;-99999.000;-99999.000;-99999.000;-99999.000;
551;-80.000000;-87.000000;1;-99999.000;-99999.000;-99999.000;-99999.000;-99999.000;-99999.000;-99999.000;-99999.000;
552;-26.000000;-45.000000;0;-99999.000;-99999.000;-99999.000;-99999.000;-99999.000;-99999.000;-99999.000;-99999.000;
553;-79.000000;-55.000000;0;-99999.000;-99999.000;-99999.000;-99999.000;-99999.000;-99999.000;-99999.000;-99999.000;
554;-54.000000;-42.000000;1;-99999.000;-99999.000;-99999.000;-99999.000;-99999.000;-99999.000;-99999.000;-99999.000;
555;-64.000000;-21.000000;0;2262.220;2570.000;1746.670;39.000;2663.330;754.000;401.000;1953.330;
556;-62.000000;-36.000000;1;1539.230;2150.000;853.330;104.000;2256.670;793.000;246.000;853.330;
557;-64.000000;-35.000000;0;1692.000;2100.000;940.000;55.000;2446.670;647.000;225.000;940.000;
558;-83.000000;-12.000000;1;-99999.000;-99999.000;-99999.000;-99999.000;-99999.000;-99999.000;-99999.000;-99999.000;
559;-6.000000;-42.000000;1;-99999.000;-99999.000;-99999.000;-99999.000;-99999.000;-99999.000;-99999.000;-99999.000;
560;-64.000000;-19.000000;1;2301.370;2526.670;1990.000;29.000;2530.000;666.000;324.000;1996.670;
561;-22.000000;-43.000000;0;-99999.000;-99999.000;-99999.000;-99999.000;-99999.000;-99999.000;-99999.000;-99999.000;
562;-49.000000;-98.000000;0;-99999.000;-99999.000;-99999.000;-99999.000;-99999.000;-99999.000;-99999.000;-99999.000;
563;-8.000000;-68.000000;0;-99999.000;-99999.000;-99999.000;-99999.000;-99999.000;-99999.000;-99999.000;-99999.000;
564;-48.000000;-82.000000;0;-99999.000;-99999.000;-99999.000;-99999.000;-99999.000;-99999.000;-99999.000;-99999.000;
565;-73.000000;-60.000000;0;-99999.000;-99999.000;-99999.000;-99999.000;-99999.000;-99999.000;-99999.000;-99999.000;
566;-46.000000;-64.000000;1;-99999.000;-99999.000;-99999.000;-99999.000;-99999.000;-99999.000;-99999.000;-99999.000;
567;-92.000000;-73.000000;0;-99999.000;-99999.000;-99999.000;-99999.000;-99999.000;-99999.000;-99999.000;-99999.000;
568;-15.000000;-36.000000;0;-99999.000;-99999.000;-99999.000;-99999.000;-99999.000;-99999.000;-99999.000;-99999.000;
569;-49.000000;-86.000000;0;-99999.000;-99999.000;-99999.000;-99999.000;-99999.000;-99999.000;-99999.000;-99999.000;
570;-54.000000;-41.000000;1;-99999.000;-99999.000;-99999.000;-99999.000;-99999.000;-99999.000;-99999.000;-99999.000;
571;-34.000000;-20.000000;0;-99999.000;-99999.000;-99999.000;-99999.000;-99999.000;-99999.000;-99999.000;-99999.000;
572;-10.000000;-2.000000;0;-99999.000;-99999.000;-99999.000;-99999.000;-99999.000;-99999.000;-99999.000;-99999.000;
573;-49.000000;-81.000000;1;-99999.000;-99999.000;-99999.000;-99999.000;-99999.000;-99999.000;-99999.000;-99999.000;
574;-73.000000;-2.000000;1;2637.210;2640.000;2580.000;680.000;2680.000;2974.000;715.000;2640.000;
575;-95.000000;-89.000000;0;-99999.000;-99999.000;-99999.000;-99999.000;-99999.000;-99999.000;-99999.000;-99999.000;
576;-97.000000;-87.000000;1;-99999.000;-99999.000;-99999.000;-99999.000;-99999.000;-99999.000;-99999.000;-99999.000;
577;-61.000000;-9.000000;0;2479.290;2453.330;2443.330;206.000;2533.330;2363.000;531.000;2453.330;
578;-39.000000;-47.000000;0;-99999.000;-99999.000;-99999.000;-99999.000;-99999.000;-99999.000;-99999.000;-99999.000;
579;-9.000000;-95.000000;0;-99999.000;-99999.000;-99999.000;-99999.000;-99999.000;-99999.000;-99999.000;-99999.000;
580;-43.000000;-30.000000;0;-99999.000;-99999.000;-99999.000;-99999.000;-99999.000;-99999.000;-99999.000;-99999.000;
581;-23.000000;-71.000000;0;-99999.000;-99999.000;-99999.000;-99999.000;-99999.000;-99999.000;-99999.000;-99999.000;
582;-50.000000;-87.000000;1;-99999.000;-99999.000;-99999.000;-99999.000;-99999.000;-99999.000;-99999.000;-99999.000;
583;-72.000000;-8.000000;1;2407.970;2436.670;2326.670;246.000;2453.330;2234.000;707.000;2326.670;
584;-31.000000;-98.000000;0;-99999.000;-99999.000;-99999.000;-99999.000;-99999.000;-99999.000;-99999.000;-99999.000;
585;-66.000000;-23.000000;0;273.120;640.000;-223.330;16.000;640.000;640.000;398.000;-46.670;
586;-87.000000;-2.000000;0;-99999.000;-99999.000;-99999.000;-99999.000;-99999.000;-99999.000;-99999.000;-99999.000;
587;-50.000000;-52.000000;1;-99999.000;-99999.000;-99999.000;-99999.000;-99999.000;-99999.000;-99999.000;-99999.000;
588;-56.000000;-11.000000;1;2300.900;2386.670;2116.670;74.000;2386.670;1847.000;810.000;2116.670;
589;-84.000000;-55.000000;0;-99999.000;-99999.000;-99999.000;-99999.000;-99999.000;-99999.000;-99999.000;-99999.000;
590;-3.000000;-37.000000;0;-99999.000;-99999.000;-99999.000;-99999.000;-99999.000;-99999.000;-99999.000;-99999.000;
591;-87.000000;-96.000000;1;-99999.000;-99999.000;-99999.000;-99999.000;-99999.000;-99999.000;-99999.000;-99999.000;
592;-71.000000;-14.000000;0;239.920;380.000;-10.000;218.000;380.000;1689.000;671.000;83.330;
593;-69.000000;-1.000000;1;2485.670;2493.330;2430.000;788.000;2520.000;3309.000;701.000;2493.330;
594;-27.000000;-18.000000;1;-99999.000;-99999.000;-99999.000;-99999.000;-99999.000;-99999.000;-99999.000;-99999.000;
595;-85.000000;-47.000000;1;-99999.000;-99999.000;-99999.000;-99999.000;-99999.000;-99999.000;-99999.000;-99999.000;
596;-7.000000;-36.000000;1;-99999.000;-99999.000;-99999.000;-99999.000;-99999.000;-99999.000;-99999.000;-99999.000;
597;-14.000000;-53.000000;0;-99999.000;-99999.000;-99999.000;-99999.000;-99999.000;-99999.000;-99999.000;-99999.000;
598;-37.000000;-43.000000;1;-99999.000;-99999.000;-99999.000;-99999.000;-99999.000;-99999.000;-99999.000;-99999.000;
599;-89.000000;-18.000000;1;-99999.000;-99999.000;-99999.000;-99999.000;-99999.000;-99999.000;-99999.000;-99999.000;
600;-82.000000;-78.000000;0;-99999.000;-99999.000;-99999.000;-99999.000;-99999.000;-99999.000;-99999.000;-99999.000;
601;-4.000000;-95.000000;0;-99999.000;-99999.000;-99999.000;-99999.000;-99999.000;-99999.000;-99999.000;-99999.000;
602;-78.000000;-27.000000;1;-99999.000;-99999.000;-99999.000;-99999.000;-99999.000;-99999.000;-99999.000;-99999.000;
603;-6.000000;-61.000000;1;-99999.000;-99999.000;-99999.000;-99999.000;-99999.000;-99999.000;-99999.000;-99999.000;
604;-15.000000;-13.000000;1;-99999.000;-99999.000;-99999.000;-99999.000;-99999.000;-99999.000;-99999.000;-99999.000;
605;-62.000000;-57.000000;0;-99999.000;-99999.000;-99999.000;-99999.000;-99999.000;-99999.000;-99999.000;-99999.000;
606;-90.000000;-92.000000;1;-99999.000;-99999.000;-99999.000;-99999.000;-99999.000;-99999.000;-99999.000;-99999.000;
607;-57.000000;-64.000000;0;-99999.000;-99999.000;-99999.000;-99999.000;-99999.000;-99999.000;-99999.000;-99999.000;
608;-50.000000;-11.000000;0;2693.810;2720.000;2590.000;26.000;2780.000;1618.000;396.000;2590.000;
609;-8.000000;-12.000000;0;-99999.000;-99999.000;-99999.000;-99999.000;-99999.000;-99999.000;-99999.000;-99999.000;
610;-52.000000;-9.000000;1;2611.560;2600.000;2543.330;134.000;2683.330;1787.000;380.000;2556.670;
611;-20.000000;-1.000000;1;-99999.000;-99999.000;-99999.000;-99999.000;-99999.000;-99999.000;-99999.000;-99999.000;
612;-24.000000;-19.000000;1;-99999.000;-99999.000;-99999.000;-99999.000;-99999.000;-99999.000;-99999.000;-99999.000;
613;-69.000000;-73.000000;1;-99999.000;-99999.000;-99999.000;-99999.000;-99999.000;-99999.000;-99999.000;-99999.000;
614;-42.000000;-60.000000;0;-99999.000;-99999.000;-99999.000;-99999.000;-99999.000;-99999.000;-99999.000;-99999.000;
615;-2.000000;-45.000000;0;-99999.000;-99999.000;-99999.000;-99999.000;-99999.000;-99999.000;-99999.000;-99999.000;
616;-74.000000;-96.000000;1;-99999.000;-99999.000;-99999.000;-99999.000;-99999.000;-99999.000;-99999.000;-99999.000;
617;-15.000000;-82.000000;0;-99999.000;-99999.000;-99999.000;-99999.000;-99999.000;-99999.000;-99999.000;-99999.000;
618;-51.000000;-89.000000;0;-99999.000;-99999.000;-99999.000;-99999.000;-99999.000;-99999.000;-99999.000;-99999.000;
619;-83.000000;-27.000000;0;-99999.000;-99999.000;-99999.000;-99999.000;-99999.000;-99999.000;-99999.000;-99999.000;
620;-35.000000;-37.000000;1;-99999.000;-99999.000;-99999.000;-99999.000;-99999.000;-99999.000;-99999.000;-99999.000;
621;-64.000000;-21.000000;0;2262.220;2570.000;1746.670;39.000;2663.330;754.000;401.000;1953.330;
622;-12.000000;-60.000000;0;-99999.000;-99999.000;-99999.000;-99999.000;-99999.000;-99999.000;-99999.000;-99999.000;
623;-75.000000;-40.000000;0;-99999.000;-99999.000;-99999.000;-99999.000;-99999.000;-99999.000;-99999.000;-99999.000;
624;-77.000000;-42.000000;1;-99999.000;-99999.000;-99999.000;-99999.000;-99999.000;-99999.000;-99999.000;-99999.000;
625;-55.000000;-72.000000;0;-99999.000;-99999.000;-99999.000;-99999.000;-99999.000;-99999.000;-99999.000;-99999.000;
626;-98.000000;-13.000000;0;-99999.000;-99999.000;-99999.000;-99999.000;-99999.000;-99999.000;-99999.000;-99999.000;
627;-39.000000;-26.000000;1;-99999.000;-99999.000;-99999.000;-99999.000;-99999.000;-99999.000;-99999.000;-99999.000;
628;-49.000000;-51.000000;1;-99999.000;-99999.000;-99999.000;-99999.000;-99999.000;-99999.000;-99999.000;-99999.000;
629;-85.000000;-24.000000;1;-99999.000;-99999.000;-99999.000;-99999.000;-99999.000;-99999.000;-99999.000;-99999.000;
630;-33.000000;-23.000000;1;-99999.000;-99999.000;-99999.000;-99999.000;-99999.000;-99999.000;-99999.000;-99999.000;
631;-63.000000;-4.000000;0;2566.000;2543.330;2536.670;648.000;2606.670;2344.000;331.000;2593.330;
632;-41.000000;-92.000000;0;-99999.000;-99999.000;-99999.000;-99999.000;-99999.000;-99999.000;-99999.000;-99999.000;
633;-16.000000;-66.000000;1;-99999.000;-99999.000;-99999.000;-99999.000;-99999.000;-99999.000;-99999.000;-99999.000;
634;-12.000000;-2.000000;1;-99999.000;-99999.000;-99999.000;-99999.000;-99999.000;-99999.000;-99999.000;-99999.000;
635;-58.000000;-4.000000;0;2685.370;2616.670;2616.670;966.000;2773.330;2319.000;348.000;2720.000;
636;-98.000000;-62.000000;1;-99999.000;-99999.000;-99999.000;-99999.000;-99999.000;-99999.000;-99999.000;-99999.000;
637;-52.000000;-5.000000;1;2347.750;2323.330;2303.330;1068.000;2426.670;2866.000;190.000;2406.670;
638;-4.000000;-50.000000;0;-99999.000;-99999.000;-99999.000;-99999.000;-99999.000;-99999.000;-99999.000;-99999.000;
639;-45.000000;-71.000000;1;-99999.000;-99999.000;-99999.000;-99999.000;-99999.000;-99999.000;-99999.000;-99999.000;
640;-84.000000;-24.000000;1;-99999.000;-99999.000;-99999.000;-99999.000;-99999.000;-99999.000;-99999.000;-99999.000;
641;-55.000000;-76.000000;1;-99999.000;-99999.000;-99999.000;-99999.000;-99999.000;-99999.000;-99999.000;-99999.000;
642;-27.000000;-44.000000;0;-99999.000;-99999.000;-99999.000;-99999.000;-99999.000;-99999.000;-99999.000;-99999.000;
643;-61.000000;-97.000000;0;-99999.000;-99999.000;-99999.000;-99999.000;-99999.000;-99999.000;-99999.000;-99999.000;
644;-63.000000;-17.000000;1;2409.510;2613.330;2093.330;170.000;2613.330;1160.000;480.000;2236.670;
645;-77.000000;-41.000000;1;-99999.000;-99999.000;-99999.000;-99999.000;-99999.000;-99999.000;-99999.000;-99999.000;
646;-73.000000;-14.000000;0;622.380;630.000;503.330;15.000;740.000;589.000;168.000;503.330;
647;-61.000000;-72.000000;1;-99999.000;-99999.000;-99999.000;-99999.000;-99999.000;-99999.000;-99999.000;-99999.000;
648;-76.000000;-19.000000;0;-99999.000;-99999.000;-99999.000;-99999.000;-99999.000;-99999.000;-99999.000;-99999.000;
649;-72.000000;-12.000000;1;2247.100;2310.000;2090.000;185.000;2356.670;1457.000;467.000;2150.000;
650;-72.000000;-11.000000;0;2592.030;2683.330;2430.000;244.000;2686.670;1976.000;649.000;2496.670;
651;-92.000000;-70.000000;0;-99999.000;-99999.000;-99999.000;-99999.000;-99999.000;-99999.000;-99999.000;-99999.000;
652;-71.000000;-1.000000;1;2566.440;2573.330;2506.670;726.000;2606.670;3132.000;686.000;2566.670;
653;-16.000000;-35.000000;1;-99999.000;-99999.000;-99999.000;-99999.000;-99999.000;-99999.000;-99999.000;-99999.000;
654;-54.000000;-4.000000;0;2570.360;2510.000;2510.000;1060.000;2663.330;2385.000;204.000;2640.000;
655;-80.000000;-52.000000;0;-99999.000;-99999.000;-99999.000;-99999.000;-99999.000;-99999.000;-99999.000;-99999.000;
656;-75.000000;-69.000000;0;-99999.000;-99999.000;-99999.000;-99999.000;-99999.000;-99999.000;-99999.000;-99999.000;
657;-14.000000;-67.000000;0;-99999.000;-99999.000;-99999.000;-99999.000;-99999.000;-99999.000;-99999.000;-99999.000;
658;-33.000000;-23.000000;0;-99999.000;-99999.000;-99999.000;-99999.000;-99999.000;-99999.000;-99999.000;-99999.000;
659;-80.000000;-16.000000;1;-99999.000;-99999.000;-99999.000;-99999.000;-99999.000;-99999.000;-99999.000;-99999.000;
660;-72.000000;-11.000000;0;2592.030;2683.330;2430.000;244.000;2686.670;1976.000;649.000;2496.670;
661;-49.000000;-85.000000;1;-99999.000;-99999.000;-99999.000;-99999.000;-99999.000;-99999.000;-99999.000;-99999.000;
662;-76.000000;-74.000000;0;-99999.000;-99999.000;-99999.000;-99999.000;-99999.000;-99999.000;-99999.000;-99999.000;
663;-67.000000;-33.000000;0;1738.710;2503.330;953.330;25.000;2503.330;349.000;163.000;953.330;
664;-72.000000;-3.000000;0;2619.750;2620.000;2556.670;502.000;2676.670;2712.000;640.000;2556.670;
665;-17.000000;-2.000000;0;-99999.000;-99999.000;-99999.000;-99999.000;-99999.000;-99999.000;-99999.000;-99999.000;
666;-5.000000;-30.000000;0;-99999.000;-99999.000;-99999.000;-99999.000;-99999.000;-99999.000;-99999.000;-99999.000;
667;-4.000000;-19.000000;0;-99999.000;-99999.000;-99999.000;-99999.000;-99999.000;-99999.000;-99999.000;-99999.000;
668;-38.000000;-31.000000;0;-99999.000;-99999.000;-99999.000;-99999.000;-99999.000;-99999.000;-99999.000;-99999.000;
669;-73.000000;-65.000000;1;-99999.000;-99999.000;-99999.000;-99999.000;-99999.000;-99999.000;-99999.000;-99999.000;
670;-41.000000;-16.000000;0;2095.180;2250.000;1810.000;49.000;2303.330;1012.000;326.000;1810.000;
671;-41.000000;-94.000000;1;-99999.000;-99999.000;-99999.000;-99999.000;-99999.000;-99999.000;-99999.000;-99999.000;
672;-14.000000;-14.000000;1;-99999.000;-99999.000;-99999.000;-99999.000;-99999.000;-99999.000;-99999.000;-99999.000;
673;-52.000000;-39.000000;0;-99999.000;-99999.000;-99999.000;-99999.000;-99999.000;-99999.000;-99999.000;-99999.000;
674;-47.000000;-54.000000;1;-99999.000;-99999.000;-99999.000;-99999.000;-99999.000;-99999.000;-99999.000;-99999.000;
675;-41.000000;-72.000000;0;-99999.000;-99999.000;-99999.000;-99999.000;-99999.000;-99999.000;-99999.000;-99999.000;
676;-59.000000;-18.000000;0;2508.000;2720.000;2180.000;137.000;2730.000;1123.000;450.000;2210.000;
677;-1.000000;-66.000000;1;-99999.000;-99999.000;-99999.000;-99999.000;-99999.000;-99999.000;-99999.000;-99999.000;
678;-42.000000;-98.000000;1;-99999.000;-99999.000;-99999.000;-99999.000;-99999.000;-99999.000;-99999.000;-99999.000;
679;-55.000000;-5.000000;0;2523.640;2470.000;2470.000;1061.000;2610.000;2414.000;266.000;2586.670;
680;-84.000000;-51.000000;0;-99999.000;-99999.000;-99999.000;-99999.000;-99999.000;-99999.000;-99999.000;-99999.000;
681;-24.000000;-65.000000;0;-99999.000;-99999.000;-99999.000;-99999.000;-99999.000;-99999.000;-99999.000;-99999.000;
682;-65.000000;-17.000000;1;2063.780;2263.330;1770.000;181.000;2283.330;1831.000;527.000;1863.330;
683;-60.000000;-30.000000;0;1996.900;2513.330;1426.670;113.000;2590.000;1015.000;336.000;1426.670;
684;-28.000000;-67.000000;1;-99999.000;-99999.000;-99999.000;-99999.000;-99999.000;-99999.000;-99999.000;-99999.000;
685;-90.000000;-21.000000;1;-99999.000;-99999.000;-99999.000;-99999.000;-99999.000;-99999.000;-99999.000;-99999.000;
686;-62.000000;-19.000000;0;2582.630;2860.000;2240.000;51.000;2860.000;562.000;256.000;2240.000;
687;-98.000000;-56.000000;1;-99999.000;-99999.000;-99999.000;-99999.000;-99999.000;-99999.000;-99999.000;-99999.000;
688;-48.000000;-49.000000;0;-99999.000;-99999.000;-99999.000;-99999.000;-99999.000;-99999.000;-99999.000;-99999.000;
689;-70.000000;-2.000000;0;2522.330;2516.670;2473.330;704.000;2563.330;2970.000;691.000;2496.670;
690;-65.000000;-11.000000;0;2622.380;2596.670;2560.000;78.000;2713.330;1483.000;371.000;2560.000;
691;-94.000000;-94.000000;0;-99999.000;-99999.000;-99999.000;-99999.000;-99999.000;-99999.000;-99999.000;-99999.000;
692;-44.000000;-94.000000;0;-99999.000;-99999.000;-99999.000;-99999.000;-99999.000;-99999.000;-99999.000;-99999.000;
693;-8.000000;-86.000000;1;-99999.000;-99999.000;-99999.000;-99999.000;-99999.000;-99999.000;-99999.000;-99999.000;
694;-24.000000;-63.000000;1;-99999.000;-99999.000;-99999.000;-99999.000;-99999.000;-99999.000;-99999.000;-99999.000;
695;-14.000000;-61.000000;1;-99999.000;-99999.000;-99999.000;-99999.000;-99999.000;-99999.000;-99999.000;-99999.000;
696;-17.000000;-80.000000;0;-99999.000;-99999.000;-99999.000;-99999.000;-99999.000;-99999.000;-99999.000;-99999.000;
697;-47.000000;-87.000000;1;-99999.000;-99999.000;-99999.000;-99999.000;-99999.000;-99999.000;-99999.000;-99999.000;
698;-66.000000;-13.000000;0;2617.400;2666.670;2413.330;108.000;2733.330;1598.000;392.000;2413.330;
699;-12.000000;-85.000000;0;-99999.000;-99999.000;-99999.000;-99999.000;-99999.000;-99999.000;-99999.000;-99999.000;
700;-21.000000;-72.000000;0;-99999.000;-99999.000;-99999.000;-99999.000;-99999.000;-99999.000;-99999.000;-99999.000;
701;-39.000000;-89.000000;1;-99999.000;-99999.000;-99999.000;-99999.000;-99999.000;-99999.000;-99999.000;-99999.000;
702;-8.000000;-63.000000;0;-99999.000;-99999.000;-99999.000;-99999.000;-99999.000;-99999.000;-99999.000;-99999.000;
703;-68.000000;-28.000000;0;233.810;763.330;-420.000;8.000;856.670;180.000;115.000;-403.330;
704;-51.000000;-2.000000;0;2594.580;2540.000;2540.000;1163.000;2670.000;2849.000;175.000;2670.000;
705;-65.000000;-41.000000;0;-99999.000;-99999.000;-99999.000;-99999.000;-99999.000;-99999.000;-99999.000;-99999.000;
706;-46.000000;-72.000000;0;-99999.000;-99999.000;-99999.000;-99999.000;-99999.000;-99999.000;-99999.000;-99999.000;
707;-33.000000;-20.000000;0;-99999.000;-99999.000;-99999.000;-99999.000;-99999.000;-99999.000;-99999.000;-99999.000;
708;-79.000000;-52.000000;0;-99999.000;-99999.000;-99999.000;-99999.000;-99999.000;-99999.000;-99999.000;-99999.000;
709;-2.000000;-8.000000;1;-99999.000;-99999.000;-99999.000;-99999.000;-99999.000;-99999.000;-99999.000;-99999.000;
710;-26.000000;-17.000000;1;-99999.000;-99999.000;-99999.000;-99999.000;-99999.000;-99999.000;-99999.000;-99999.000;
711;-14.000000;-2.000000;1;-99999.000;-99999.000;-99999.000;-99999.000;-99999.000;-99999.000;-99999.000;-99999.000;
712;-45.000000;-64.000000;1;-99999.000;-99999.000;-99999.000;-99999.000;-99999.000;-99999.000;-99999.000;-99999.000;
713;-8.000000;-60.000000;0;-99999.000;-99999.000;-99999.000;-99999.000;-99999.000;-99999.000;-99999.000;-99999.000;
714;-14.000000;-95.000000;1;-99999.000;-99999.000;-99999.000;-99999.000;-99999.000;-99999.000;-99999.000;-99999.000;
715;-59.000000;-1.000000;0;2670.250;2620.000;2616.670;744.000;2760.000;2073.000;276.000;2743.330;
716;-90.000000;18.000000;0;2618.110;2706.670;2333.330;161.000;2820.000;1365.000;381.000;2603.330;
717;-31.000000;-61.000000;1;-99999.000;-99999.000;-99999.000;-99999.000;-99999.000;-99999.000;-99999.000;-99999.000;
718;-78.000000;-64.000000;0;-99999.000;-99999.000;-99999.000;-99999.000;-99999.000;-99999.000;-99999.000;-99999.000;
719;-49.000000;-82.000000;0;-99999.000;-99999.000;-99999.000;-99999.000;-99999.000;-99999.000;-99999.000;-99999.000;
720;-31.000000;-96.000000;0;-99999.000;-99999.000;-99999.000;-99999.000;-99999.000;-99999.000;-99999.000;-99999.000;
721;-68.000000;-22.000000;1;418.190;746.670;-40.000;0.000;746.670;242.000;169.000;-36.670;
722;-72.000000;-62.000000;1;-99999.000;-99999.000;-99999.000;-99999.000;-99999.000;-99999.000;-99999.000;-99999.000;
723;-38.000000;-13.000000;1;-99999.000;-99999.000;-99999.000;-99999.000;-99999.000;-99999.000;-99999.000;-99999.000;
724;-43.000000;-33.000000;0;-99999.000;-99999.000;-99999.000;-99999.000;-99999.000;-99999.000;-99999.000;-99999.000;
725;-102.000000;25.000000;0;1916.030;2243.330;1410.000;42.000;2310.000;355.000;162.000;1770.000;
726;-44.000000;-95.000000;0;-99999.000;-99999.000;-99999.000;-99999.000;-99999.000;-99999.000;-99999.000;-99999.000;
727;-78.000000;-39.000000;0;-99999.000;-99999.000;-99999.000;-99999.000;-99999.000;-99999.000;-99999.000;-99999.000;
728;-10.000000;-81.000000;0;-99999.000;-99999.000;-99999.000;-99999.000;-99999.000;-99999.000;-99999.000;-99999.000;
729;-68.000000;-43.000000;0;1004.030;440.000;373.330;93.000;1636.670;278.000;40.000;1636.670;
