729;8
1;1;1;1;0;-99999.000;-99999.000;-99999.000;-99999.000;-99999.000;-99999.000;-99999.000;-99999.000
2;1;2;1;1;-99999.000;-99999.000;-99999.000;-99999.000;-99999.000;-99999.000;-99999.000;-99999.000
3;1;3;1;0;-99999.000;-99999.000;-99999.000;-99999.000;-99999.000;-99999.000;-99999.000;-99999.000
4;1;4;1;0;166.330;330.000;-113.330;11.000;350.000;635.000;381.000;-113.330
5;1;5;1;1;-99999.000;-99999.000;-99999.000;-99999.000;-99999.000;-99999.000;-99999.000;-99999.000
6;1;6;1;1;-99999.000;-99999.000;-99999.000;-99999.000;-99999.000;-99999.000;-99999.000;-99999.000
7;1;7;1;0;-99999.000;-99999.000;-99999.000;-99999.000;-99999.000;-99999.000;-99999.000;-99999.000
8;1;8;1;1;-99999.000;-99999.000;-99999.000;-99999.000;-99999.000;-99999.000;-99999.000;-99999.000
9;1;9;1;0;2628.660;2566.670;2566.670;1046.000;2726.670;2289.000;214.000;2700.000
10;1;10;1;0;-99999.000;-99999.000;-99999.000;-99999.000;-99999.000;-99999.000;-99999.000;-99999.000
11;1;11;1;1;-99999.000;-99999.000;-99999.000;-99999.000;-99999.000;-99999.000;-99999.000;-99999.000
12;1;12;1;1;-99999.000;-99999.000;-99999.000;-99999.000;-99999.000;-99999.000;-99999.000;-99999.000
13;1;13;1;0;-99999.000;-99999.000;-99999.000;-99999.000;-99999.000;-99999.000;-99999.000;-99999.000
14;1;14;1;1;-99999.000;-99999.000;-99999.000;-99999.000;-99999.000;-99999.000;-99999.000;-99999.000
15;1;15;1;1;-99999.000;-99999.000;-99999.000;-99999.000;-99999.000;-99999.000;-99999.000;-99999.000
16;1;16;1;1;-99999.000;-99999.000;-99999.000;-99999.000;-99999.000;-99999.000;-99999.000;-99999.000
17;1;17;1;0;-99999.000;-99999.000;-99999.000;-99999.000;-99999.000;-99999.000;-99999.000;-99999.000
18;1;18;1;1;-99999.000;-99999.000;-99999.000;-99999.000;-99999.000;-99999.000;-99999.000;-99999.000
19;1;19;1;1;-99999.000;-99999.000;-99999.000;-99999.000;-99999.000;-99999.000;-99999.000;-99999.000
20;1;20;1;0;-99999.000;-99999.000;-99999.000;-99999.000;-99999.000;-99999.000;-99999.000;-99999.000
21;1;21;1;1;-99999.000;-99999.000;-99999.000;-99999.000;-99999.000;-99999.000;-99999.000;-99999.000
22;1;22;1;1;-99999.000;-99999.000;-99999.000;-99999.000;-99999.000;-99999.000;-99999.000;-99999.000
23;1;23;1;0;-99999.000;-99999.000;-99999.000;-99999.000;-99999.000;-99999.000;-99999.000;-99999.000
24;1;24;1;1;-99999.000;-99999.000;-99999.000;-99999.000;-99999.000;-99999.000;-99999.000;-99999.000
25;2;25;27;1;1;0;-99999.000;-99999.000;-99999.000;-99999.000;-99999.000;-99999.000;-99999.000;-99999.000
26;1;26;1;0;-99999.000;-99999.000;-99999.000;-99999.000;-99999.000;-99999.000;-99999.000;-99999.000
27;2;27;25;1;1;0;-99999.000;-99999.000;-99999.000;-99999.000;-99999.000;-99999.000;-99999.000;-99999.000
28;1;28;1;0;-99999.000;-99999.000;-99999.000;-99999.000;-99999.000;-99999.000;-99999.000;-99999.000
29;1;29;1;1;-99999.000;-99999.000;-99999.000;-99999.000;-99999.000;-99999.000;-99999.000;-99999.000
30;1;30;1;1;-99999.000;-99999.000;-99999.000;-99999.000;-99999.000;-99999.000;-99999.000;-99999.000
31;1;31;1;1;-99999.000;-99999.000;-99999.000;-99999.000;-99999.000;-99999.000;-99999.000;-99999.000
32;1;32;1;0;-99999.000;-99999.000;-99999.000;-99999.000;-99999.000;-99999.000;-99999.000;-99999.000
33;1;33;1;1;-99999.000;-99999.000;-99999.000;-99999.000;-99999.000;-99999.000;-99999.000;-99999.000
34;1;34;1;1;-99999.000;-99999.000;-99999.000;-99999.000;-99999.000;-99999.000;-99999.000;-99999.000
35;1;35;1;0;-99999.000;-99999.000;-99999.000;-99999.000;-99999.000;-99999.000;-99999.000;-99999.000
36;2;36;580;1;1;0;-99999.000;-99999.000;-99999.000;-99999.000;-99999.000;-99999.000;-99999.000;-99999.000
37;1;37;1;0;-99999.000;-99999.000;-99999.000;-99999.000;-99999.000;-99999.000;-99999.000;-99999.000
38;1;38;1;0;-99999.000;-99999.000;-99999.000;-99999.000;-99999.000;-99999.000;-99999.000;-99999.000
39;1;39;1;1;-99999.000;-99999.000;-99999.000;-99999.000;-99999.000;-99999.000;-99999.000;-99999.000
40;1;40;1;0;-99999.000;-99999.000;-99999.000;-99999.000;-99999.000;-99999.000;-99999.000;-99999.000
41;1;41;1;1;-99999.000;-99999.000;-99999.000;-99999.000;-99999.000;-99999.000;-99999.000;-99999.000
42;1;42;1;0;-99999.000;-99999.000;-99999.000;-99999.000;-99999.000;-99999.000;-99999.000;-99999.000
43;1;43;1;1;1511.210;2150.000;796.670;76.000;2273.330;629.000;189.000;796.670
44;1;44;1;0;-99999.000;-99999.000;-99999.000;-99999.000;-99999.000;-99999.000;-99999.000;-99999.000
45;1;45;1;0;-99999.000;-99999.000;-99999.000;-99999.000;-99999.000;-99999.000;-99999.000;-99999.000
46;1;46;1;1;-99999.000;-99999.000;-99999.000;-99999.000;-99999.000;-99999.000;-99999.000;-99999.000
47;1;47;1;1;-99999.000;-99999.000;-99999.000;-99999.000;-99999.000;-99999.000;-99999.000;-99999.000
48;1;48;1;1;-99999.000;-99999.000;-99999.000;-99999.000;-99999.000;-99999.000;-99999.000;-99999.000
49;2;49;615;1;1;0;-99999.000;-99999.000;-99999.000;-99999.000;-99999.000;-99999.000;-99999.000;-99999.000
50;1;50;1;0;-99999.000;-99999.000;-99999.000;-99999.000;-99999.000;-99999.000;-99999.000;-99999.000
51;1;51;1;1;-99999.000;-99999.000;-99999.000;-99999.000;-99999.000;-99999.000;-99999.000;-99999.000
52;1;52;1;1;2463.840;2530.000;2320.000;244.000;2553.330;2130.000;713.000;2320.000
53;1;53;1;0;-99999.000;-99999.000;-99999.000;-99999.000;-99999.000;-99999.000;-99999.000;-99999.000
54;1;54;1;0;-99999.000;-99999.000;-99999.000;-99999.000;-99999.000;-99999.000;-99999.000;-99999.000
55;1;55;1;0;-99999.000;-99999.000;-99999.000;-99999.000;-99999.000;-99999.000;-99999.000;-99999.000
56;1;56;1;0;-99999.000;-99999.000;-99999.000;-99999.000;-99999.000;-99999.000;-99999.000;-99999.000
57;1;57;1;1;2598.490;2573.330;2560.000;219.000;2653.330;2293.000;332.000;2580.000
58;1;58;1;1;-99999.000;-99999.000;-99999.000;-99999.000;-99999.000;-99999.000;-99999.000;-99999.000
59;1;59;1;1;1195.400;896.670;896.670;86.000;1520.000;119.000;1.000;1436.670
60;1;60;1;1;-99999.000;-99999.000;-99999.000;-99999.000;-99999.000;-99999.000;-99999.000;-99999.000
61;1;61;1;0;-99999.000;-99999.000;-99999.000;-99999.000;-99999.000;-99999.000;-99999.000;-99999.000
62;1;62;1;1;-99999.000;-99999.000;-99999.000;-99999.000;-99999.000;-99999.000;-99999.000;-99999.000
63;1;63;1;0;2709.100;2706.670;2656.670;336.000;2750.000;1799.000;490.000;2666.670
64;1;64;1;0;-99999.000;-99999.000;-99999.000;-99999.000;-99999.000;-99999.000;-99999.000;-99999.000
65;1;65;1;0;2549.620;2773.330;2223.330;113.000;2776.670;1066.000;435.000;2230.000
66;1;66;1;1;-99999.000;-99999.000;-99999.000;-99999.000;-99999.000;-99999.000;-99999.000;-99999.000
67;1;67;1;0;-99999.000;-99999.000;-99999.000;-99999.000;-99999.000;-99999.000;-99999.000;-99999.000
68;1;68;1;1;-99999.000;-99999.000;-99999.000;-99999.000;-99999.000;-99999.000;-99999.000;-99999.000
69;2;69;631;1;1;0;2566.000;2543.330;2536.670;648.000;2606.670;2344.000;331.000;2593.330
70;1;70;1;0;-99999.000;-99999.000;-99999.000;-99999.000;-99999.000;-99999.000;-99999.000;-99999.000
71;1;71;1;1;-99999.000;-99999.000;-99999.000;-99999.000;-99999.000;-99999.000;-99999.000;-99999.000
72;1;72;1;1;-99999.000;-99999.000;-99999.000;-99999.000;-99999.000;-99999.000;-99999.000;-99999.000
73;1;73;1;1;1449.670;1793.330;750.000;74.000;2196.670;582.000;167.000;750.000
74;1;74;1;1;2287.210;2350.000;2130.000;26.000;2400.000;789.000;206.000;2130.000
75;1;75;1;1;2549.100;2540.000;2500.000;579.000;2583.330;2754.000;577.000;2540.000
76;1;76;1;0;-99999.000;-99999.000;-99999.000;-99999.000;-99999.000;-99999.000;-99999.000;-99999.000
77;1;77;1;1;-99999.000;-99999.000;-99999.000;-99999.000;-99999.000;-99999.000;-99999.000;-99999.000
78;1;78;1;0;-99999.000;-99999.000;-99999.000;-99999.000;-99999.000;-99999.000;-99999.000;-99999.000
79;1;79;1;1;-99999.000;-99999.000;-99999.000;-99999.000;-99999.000;-99999.000;-99999.000;-99999.000
80;1;80;1;0;-99999.000;-99999.000;-99999.000;-99999.000;-99999.000;-99999.000;-99999.000;-99999.000
81;1;81;1;0;-99999.000;-99999.000;-99999.000;-99999.000;-99999.000;-99999.000;-99999.000;-99999.000
82;1;82;1;0;-99999.000;-99999.000;-99999.000;-99999.000;-99999.000;-99999.000;-99999.000;-99999.000
83;1;83;1;1;-99999.000;-99999.000;-99999.000;-99999.000;-99999.000;-99999.000;-99999.000;-99999.000
84;1;84;1;1;-99999.000;-99999.000;-99999.000;-99999.000;-99999.000;-99999.000;-99999.000;-99999.000
85;2;85;656;1;1;0;-99999.000;-99999.000;-99999.000;-99999.000;-99999.000;-99999.000;-99999.000;-99999.000
86;1;86;1;1;2147.180;2273.330;1893.330;34.000;2316.670;956.000;343.000;1893.330
87;2;87;635;1;1;0;2685.370;2616.670;2616.670;966.000;2773.330;2319.000;348.000;2720.000
88;1;88;1;1;-99999.000;-99999.000;-99999.000;-99999.000;-99999.000;-99999.000;-99999.000;-99999.000
89;1;89;1;1;2600.440;2603.330;2530.000;502.000;2660.000;2243.000;615.000;2536.670
90;1;90;1;0;-99999.000;-99999.000;-99999.000;-99999.000;-99999.000;-99999.000;-99999.000;-99999.000
91;1;91;1;0;-99999.000;-99999.000;-99999.000;-99999.000;-99999.000;-99999.000;-99999.000;-99999.000
92;1;92;1;0;-99999.000;-99999.000;-99999.000;-99999.000;-99999.000;-99999.000;-99999.000;-99999.000
93;1;93;1;1;-99999.000;-99999.000;-99999.000;-99999.000;-99999.000;-99999.000;-99999.000;-99999.000
94;1;94;1;0;-99999.000;-99999.000;-99999.000;-99999.000;-99999.000;-99999.000;-99999.000;-99999.000
95;1;95;1;0;-99999.000;-99999.000;-99999.000;-99999.000;-99999.000;-99999.000;-99999.000;-99999.000
96;1;96;1;1;-99999.000;-99999.000;-99999.000;-99999.000;-99999.000;-99999.000;-99999.000;-99999.000
97;1;97;1;0;-99999.000;-99999.000;-99999.000;-99999.000;-99999.000;-99999.000;-99999.000;-99999.000
98;1;98;1;1;-99999.000;-99999.000;-99999.000;-99999.000;-99999.000;-99999.000;-99999.000;-99999.000
99;1;99;1;0;2554.380;2513.330;2513.330;1241.000;2616.670;2486.000;243.000;2606.670
100;1;100;1;0;2422.270;2423.330;2326.670;104.000;2510.000;1614.000;399.000;2333.330
101;1;101;1;1;-99999.000;-99999.000;-99999.000;-99999.000;-99999.000;-99999.000;-99999.000;-99999.000
102;1;102;1;1;-99999.000;-99999.000;-99999.000;-99999.000;-99999.000;-99999.000;-99999.000;-99999.000
103;1;103;1;1;-99999.000;-99999.000;-99999.000;-99999.000;-99999.000;-99999.000;-99999.000;-99999.000
104;1;104;1;0;-99999.000;-99999.000;-99999.000;-99999.000;-99999.000;-99999.000;-99999.000;-99999.000
105;1;105;1;0;-99999.000;-99999.000;-99999.000;-99999.000;-99999.000;-99999.000;-99999.000;-99999.000
106;1;106;1;1;-99999.000;-99999.000;-99999.000;-99999.000;-99999.000;-99999.000;-99999.000;-99999.000
107;1;107;1;0;1820.190;2406.670;1233.330;216.000;2463.330;1160.000;312.000;1293.330
108;1;108;1;1;2475.970;2543.330;2266.670;41.000;2603.330;1634.000;413.000;2276.670
109;1;109;1;0;-99999.000;-99999.000;-99999.000;-99999.000;-99999.000;-99999.000;-99999.000;-99999.000
110;1;110;1;1;-99999.000;-99999.000;-99999.000;-99999.000;-99999.000;-99999.000;-99999.000;-99999.000
111;1;111;1;1;-99999.000;-99999.000;-99999.000;-99999.000;-99999.000;-99999.000;-99999.000;-99999.000
112;1;112;1;0;-99999.000;-99999.000;-99999.000;-99999.000;-99999.000;-99999.000;-99999.000;-99999.000
113;1;113;1;1;-99999.000;-99999.000;-99999.000;-99999.000;-99999.000;-99999.000;-99999.000;-99999.000
114;1;114;1;0;-99999.000;-99999.000;-99999.000;-99999.000;-99999.000;-99999.000;-99999.000;-99999.000
115;1;115;1;1;-99999.000;-99999.000;-99999.000;-99999.000;-99999.000;-99999.000;-99999.000;-99999.000
116;1;116;1;0;-99999.000;-99999.000;-99999.000;-99999.000;-99999.000;-99999.000;-99999.000;-99999.000
117;1;117;1;0;-99999.000;-99999.000;-99999.000;-99999.000;-99999.000;-99999.000;-99999.000;-99999.000
118;1;118;1;1;835.670;1120.000;440.000;12.000;1120.000;400.000;241.000;440.000
119;2;119;572;1;1;0;-99999.000;-99999.000;-99999.000;-99999.000;-99999.000;-99999.000;-99999.000;-99999.000
120;1;120;1;1;-99999.000;-99999.000;-99999.000;-99999.000;-99999.000;-99999.000;-99999.000;-99999.000
121;1;121;1;0;-99999.000;-99999.000;-99999.000;-99999.000;-99999.000;-99999.000;-99999.000;-99999.000
122;1;122;1;0;-99999.000;-99999.000;-99999.000;-99999.000;-99999.000;-99999.000;-99999.000;-99999.000
123;1;123;1;1;2669.510;2603.330;2603.330;1008.000;2760.000;2260.000;267.000;2740.000
124;1;124;1;1;1190.550;1803.330;480.000;44.000;1883.330;656.000;276.000;480.000
125;1;125;1;0;-99999.000;-99999.000;-99999.000;-99999.000;-99999.000;-99999.000;-99999.000;-99999.000
126;1;126;1;1;-99999.000;-99999.000;-99999.000;-99999.000;-99999.000;-99999.000;-99999.000;-99999.000
127;1;127;1;0;2637.010;2576.670;2576.670;991.000;2733.330;2120.000;168.000;2703.330
128;1;128;1;0;-99999.000;-99999.000;-99999.000;-99999.000;-99999.000;-99999.000;-99999.000;-99999.000
129;1;129;1;1;-99999.000;-99999.000;-99999.000;-99999.000;-99999.000;-99999.000;-99999.000;-99999.000
130;1;130;1;0;-99999.000;-99999.000;-99999.000;-99999.000;-99999.000;-99999.000;-99999.000;-99999.000
131;1;131;1;1;-99999.000;-99999.000;-99999.000;-99999.000;-99999.000;-99999.000;-99999.000;-99999.000
132;2;132;476;1;1;0;-99999.000;-99999.000;-99999.000;-99999.000;-99999.000;-99999.000;-99999.000;-99999.000
133;1;133;1;0;-99999.000;-99999.000;-99999.000;-99999.000;-99999.000;-99999.000;-99999.000;-99999.000
134;1;134;1;1;-99999.000;-99999.000;-99999.000;-99999.000;-99999.000;-99999.000;-99999.000;-99999.000
135;1;135;1;0;2218.990;2343.330;1983.330;66.000;2346.670;1565.000;691.000;1983.330
136;1;136;1;0;-99999.000;-99999.000;-99999.000;-99999.000;-99999.000;-99999.000;-99999.000;-99999.000
137;1;137;1;1;-99999.000;-99999.000;-99999.000;-99999.000;-99999.000;-99999.000;-99999.000;-99999.000
138;2;138;408;1;1;1;-99999.000;-99999.000;-99999.000;-99999.000;-99999.000;-99999.000;-99999.000;-99999.000
139;1;139;1;0;-99999.000;-99999.000;-99999.000;-99999.000;-99999.000;-99999.000;-99999.000;-99999.000
140;1;140;1;1;-99999.000;-99999.000;-99999.000;-99999.000;-99999.000;-99999.000;-99999.000;-99999.000
141;1;141;1;1;-99999.000;-99999.000;-99999.000;-99999.000;-99999.000;-99999.000;-99999.000;-99999.000
142;1;142;1;0;-99999.000;-99999.000;-99999.000;-99999.000;-99999.000;-99999.000;-99999.000;-99999.000
143;1;143;1;1;-99999.000;-99999.000;-99999.000;-99999.000;-99999.000;-99999.000;-99999.000;-99999.000
144;1;144;1;0;-99999.000;-99999.000;-99999.000;-99999.000;-99999.000;-99999.000;-99999.000;-99999.000
145;1;145;1;1;-99999.000;-99999.000;-99999.000;-99999.000;-99999.000;-99999.000;-99999.000;-99999.000
146;1;146;1;0;-99999.000;-99999.000;-99999.000;-99999.000;-99999.000;-99999.000;-99999.000;-99999.000
147;1;147;1;1;-99999.000;-99999.000;-99999.000;-99999.000;-99999.000;-99999.000;-99999.000;-99999.000
148;1;148;1;1;-99999.000;-99999.000;-99999.000;-99999.000;-99999.000;-99999.000;-99999.000;-99999.000
149;1;149;1;0;2608.250;2603.330;2543.330;139.000;2680.000;1967.000;454.000;2556.670
150;2;150;664;1;1;0;2619.750;2620.000;2556.670;502.000;2676.670;2712.000;640.000;2556.670
151;1;151;1;0;-99999.000;-99999.000;-99999.000;-99999.000;-99999.000;-99999.000;-99999.000;-99999.000
152;1;152;1;1;-99999.000;-99999.000;-99999.000;-99999.000;-99999.000;-99999.000;-99999.000;-99999.000
153;1;153;1;0;-99999.000;-99999.000;-99999.000;-99999.000;-99999.000;-99999.000;-99999.000;-99999.000
154;1;154;1;1;2537.670;2593.330;2356.670;99.000;2660.000;712.000;216.000;2513.330
155;1;155;1;0;-99999.000;-99999.000;-99999.000;-99999.000;-99999.000;-99999.000;-99999.000;-99999.000
156;1;156;1;0;-99999.000;-99999.000;-99999.000;-99999.000;-99999.000;-99999.000;-99999.000;-99999.000
157;1;157;1;1;-99999.000;-99999.000;-99999.000;-99999.000;-99999.000;-99999.000;-99999.000;-99999.000
158;2;158;349;1;1;0;2532.490;2840.000;2130.000;135.000;2853.330;1014.000;380.000;2146.670
159;1;159;1;0;1784.740;2323.330;1156.670;76.000;2426.670;914.000;331.000;1156.670
160;1;160;1;1;-99999.000;-99999.000;-99999.000;-99999.000;-99999.000;-99999.000;-99999.000;-99999.000
161;1;161;1;1;-99999.000;-99999.000;-99999.000;-99999.000;-99999.000;-99999.000;-99999.000;-99999.000
162;1;162;1;1;2660.440;2656.670;2596.670;557.000;2716.670;2798.000;699.000;2666.670
163;1;163;1;0;-99999.000;-99999.000;-99999.000;-99999.000;-99999.000;-99999.000;-99999.000;-99999.000
164;1;164;1;0;-99999.000;-99999.000;-99999.000;-99999.000;-99999.000;-99999.000;-99999.000;-99999.000
165;1;165;1;0;-99999.000;-99999.000;-99999.000;-99999.000;-99999.000;-99999.000;-99999.000;-99999.000
166;1;166;1;0;2660.440;2656.670;2596.670;557.000;2716.670;2798.000;699.000;2666.670
167;1;167;1;0;2708.550;2656.670;2653.330;418.000;2796.670;1711.000;60.000;2763.330
168;1;168;1;0;-99999.000;-99999.000;-99999.000;-99999.000;-99999.000;-99999.000;-99999.000;-99999.000
169;1;169;1;0;-99999.000;-99999.000;-99999.000;-99999.000;-99999.000;-99999.000;-99999.000;-99999.000
170;1;170;1;1;-99999.000;-99999.000;-99999.000;-99999.000;-99999.000;-99999.000;-99999.000;-99999.000
171;1;171;1;1;-99999.000;-99999.000;-99999.000;-99999.000;-99999.000;-99999.000;-99999.000;-99999.000
172;2;172;607;1;1;0;-99999.000;-99999.000;-99999.000;-99999.000;-99999.000;-99999.000;-99999.000;-99999.000
173;2;173;483;1;1;1;-99999.000;-99999.000;-99999.000;-99999.000;-99999.000;-99999.000;-99999.000;-99999.000
174;1;174;1;0;-99999.000;-99999.000;-99999.000;-99999.000;-99999.000;-99999.000;-99999.000;-99999.000
175;1;175;1;0;-99999.000;-99999.000;-99999.000;-99999.000;-99999.000;-99999.000;-99999.000;-99999.000
176;1;176;1;1;-99999.000;-99999.000;-99999.000;-99999.000;-99999.000;-99999.000;-99999.000;-99999.000
177;1;177;1;1;498.580;6.670;-70.000;375.000;1086.670;847.000;80.000;1086.670
178;1;178;1;1;-99999.000;-99999.000;-99999.000;-99999.000;-99999.000;-99999.000;-99999.000;-99999.000
179;1;179;1;1;-99999.000;-99999.000;-99999.000;-99999.000;-99999.000;-99999.000;-99999.000;-99999.000
180;1;180;1;1;-99999.000;-99999.000;-99999.000;-99999.000;-99999.000;-99999.000;-99999.000;-99999.000
181;1;181;1;1;-99999.000;-99999.000;-99999.000;-99999.000;-99999.000;-99999.000;-99999.000;-99999.000
182;1;182;1;1;-99999.000;-99999.000;-99999.000;-99999.000;-99999.000;-99999.000;-99999.000;-99999.000
183;1;183;1;0;-99999.000;-99999.000;-99999.000;-99999.000;-99999.000;-99999.000;-99999.000;-99999.000
184;1;184;1;0;-99999.000;-99999.000;-99999.000;-99999.000;-99999.000;-99999.000;-99999.000;-99999.000
185;1;185;1;1;-99999.000;-99999.000;-99999.000;-99999.000;-99999.000;-99999.000;-99999.000;-99999.000
186;1;186;1;0;-99999.000;-99999.000;-99999.000;-99999.000;-99999.000;-99999.000;-99999.000;-99999.000
187;1;187;1;0;-99999.000;-99999.000;-99999.000;-99999.000;-99999.000;-99999.000;-99999.000;-99999.000
188;1;188;1;0;-99999.000;-99999.000;-99999.000;-99999.000;-99999.000;-99999.000;-99999.000;-99999.000
189;1;189;1;1;-99999.000;-99999.000;-99999.000;-99999.000;-99999.000;-99999.000;-99999.000;-99999.000
190;1;190;1;1;-99999.000;-99999.000;-99999.000;-99999.000;-99999.000;-99999.000;-99999.000;-99999.000
191;1;191;1;0;-99999.000;-99999.000;-99999.000;-99999.000;-99999.000;-99999.000;-99999.000;-99999.000
192;1;192;1;1;2421.210;2493.330;2270.000;281.000;2506.670;2389.000;790.000;2270.000
193;1;193;1;0;-99999.000;-99999.000;-99999.000;-99999.000;-99999.000;-99999.000;-99999.000;-99999.000
194;1;194;1;0;-99999.000;-99999.000;-99999.000;-99999.000;-99999.000;-99999.000;-99999.000;-99999.000
195;1;195;1;0;-99999.000;-99999.000;-99999.000;-99999.000;-99999.000;-99999.000;-99999.000;-99999.000
196;1;196;1;1;-99999.000;-99999.000;-99999.000;-99999.000;-99999.000;-99999.000;-99999.000;-99999.000
197;1;197;1;0;-99999.000;-99999.000;-99999.000;-99999.000;-99999.000;-99999.000;-99999.000;-99999.000
198;1;198;1;0;-99999.000;-99999.000;-99999.000;-99999.000;-99999.000;-99999.000;-99999.000;-99999.000
199;1;199;1;1;-99999.000;-99999.000;-99999.000;-99999.000;-99999.000;-99999.000;-99999.000;-99999.000
200;1;200;1;1;-99999.000;-99999.000;-99999.000;-99999.000;-99999.000;-99999.000;-99999.000;-99999.000
201;1;201;1;1;-99999.000;-99999.000;-99999.000;-99999.000;-99999.000;-99999.000;-99999.000;-99999.000
202;1;202;1;1;-99999.000;-99999.000;-99999.000;-99999.000;-99999.000;-99999.000;-99999.000;-99999.000
203;2;203;690;1;1;0;2622.380;2596.670;2560.000;78.000;2713.330;1483.000;371.000;2560.000
204;1;204;1;0;-99999.000;-99999.000;-99999.000;-99999.000;-99999.000;-99999.000;-99999.000;-99999.000
205;1;205;1;0;-99999.000;-99999.000;-99999.000;-99999.000;-99999.000;-99999.000;-99999.000;-99999.000
206;1;206;1;0;-99999.000;-99999.000;-99999.000;-99999.000;-99999.000;-99999.000;-99999.000;-99999.000
207;1;207;1;1;-99999.000;-99999.000;-99999.000;-99999.000;-99999.000;-99999.000;-99999.000;-99999.000
208;1;208;1;0;-99999.000;-99999.000;-99999.000;-99999.000;-99999.000;-99999.000;-99999.000;-99999.000
209;3;209;486;716;1;1;1;0;2618.110;2706.670;2333.330;161.000;2820.000;1365.000;381.000;2603.330
210;1;210;1;1;-99999.000;-99999.000;-99999.000;-99999.000;-99999.000;-99999.000;-99999.000;-99999.000
211;1;211;1;1;-99999.000;-99999.000;-99999.000;-99999.000;-99999.000;-99999.000;-99999.000;-99999.000
212;1;212;1;0;-99999.000;-99999.000;-99999.000;-99999.000;-99999.000;-99999.000;-99999.000;-99999.000
213;1;213;1;1;-99999.000;-99999.000;-99999.000;-99999.000;-99999.000;-99999.000;-99999.000;-99999.000
214;1;214;1;1;-99999.000;-99999.000;-99999.000;-99999.000;-99999.000;-99999.000;-99999.000;-99999.000
215;1;215;1;1;2349.510;2423.330;2200.000;155.000;2433.330;1847.000;677.000;2200.000
216;1;216;1;0;-99999.000;-99999.000;-99999.000;-99999.000;-99999.000;-99999.000;-99999.000;-99999.000
217;1;217;1;1;-99999.000;-99999.000;-99999.000;-99999.000;-99999.000;-99999.000;-99999.000;-99999.000
218;2;218;554;1;1;1;-99999.000;-99999.000;-99999.000;-99999.000;-99999.000;-99999.000;-99999.000;-99999.000
219;1;219;1;1;-99999.000;-99999.000;-99999.000;-99999.000;-99999.000;-99999.000;-99999.000;-99999.000
220;2;220;315;1;1;1;-99999.000;-99999.000;-99999.000;-99999.000;-99999.000;-99999.000;-99999.000;-99999.000
221;1;221;1;0;1872.190;1833.330;1673.330;537.000;2040.000;1711.000;288.000;2030.000
222;1;222;1;1;-99999.000;-99999.000;-99999.000;-99999.000;-99999.000;-99999.000;-99999.000;-99999.000
223;1;223;1;1;-99999.000;-99999.000;-99999.000;-99999.000;-99999.000;-99999.000;-99999.000;-99999.000
224;1;224;1;0;2652.080;2663.330;2526.670;100.000;2746.670;1448.000;378.000;2530.000
225;1;225;1;0;-99999.000;-99999.000;-99999.000;-99999.000;-99999.000;-99999.000;-99999.000;-99999.000
226;1;226;1;1;-99999.000;-99999.000;-99999.000;-99999.000;-99999.000;-99999.000;-99999.000;-99999.000
227;1;227;1;0;2463.620;2410.000;2410.000;1079.000;2553.330;2510.000;235.000;2526.670
228;1;228;1;0;-99999.000;-99999.000;-99999.000;-99999.000;-99999.000;-99999.000;-99999.000;-99999.000
229;1;229;1;1;-99999.000;-99999.000;-99999.000;-99999.000;-99999.000;-99999.000;-99999.000;-99999.000
230;1;230;1;1;-99999.000;-99999.000;-99999.000;-99999.000;-99999.000;-99999.000;-99999.000;-99999.000
231;1;231;1;0;-99999.000;-99999.000;-99999.000;-99999.000;-99999.000;-99999.000;-99999.000;-99999.000
232;1;232;1;0;-99999.000;-99999.000;-99999.000;-99999.000;-99999.000;-99999.000;-99999.000;-99999.000
233;1;233;1;0;-99999.000;-99999.000;-99999.000;-99999.000;-99999.000;-99999.000;-99999.000;-99999.000
234;2;234;338;1;1;1;-99999.000;-99999.000;-99999.000;-99999.000;-99999.000;-99999.000;-99999.000;-99999.000
235;1;235;1;1;-99999.000;-99999.000;-99999.000;-99999.000;-99999.000;-99999.000;-99999.000;-99999.000
236;1;236;1;0;-99999.000;-99999.000;-99999.000;-99999.000;-99999.000;-99999.000;-99999.000;-99999.000
237;1;237;1;1;-99999.000;-99999.000;-99999.000;-99999.000;-99999.000;-99999.000;-99999.000;-99999.000
238;1;238;1;1;-99999.000;-99999.000;-99999.000;-99999.000;-99999.000;-99999.000;-99999.000;-99999.000
239;1;239;1;0;-99999.000;-99999.000;-99999.000;-99999.000;-99999.000;-99999.000;-99999.000;-99999.000
240;1;240;1;0;1608.550;1790.000;1236.670;22.000;1896.670;453.000;146.000;1350.000
241;2;241;592;1;1;0;239.920;380.000;-10.000;218.000;380.000;1689.000;671.000;83.330
242;1;242;1;0;-99999.000;-99999.000;-99999.000;-99999.000;-99999.000;-99999.000;-99999.000;-99999.000
243;1;243;1;1;-99999.000;-99999.000;-99999.000;-99999.000;-99999.000;-99999.000;-99999.000;-99999.000
244;1;244;1;1;-99999.000;-99999.000;-99999.000;-99999.000;-99999.000;-99999.000;-99999.000;-99999.000
245;2;245;630;1;1;1;-99999.000;-99999.000;-99999.000;-99999.000;-99999.000;-99999.000;-99999.000;-99999.000
246;1;246;1;0;-99999.000;-99999.000;-99999.000;-99999.000;-99999.000;-99999.000;-99999.000;-99999.000
247;1;247;1;1;-99999.000;-99999.000;-99999.000;-99999.000;-99999.000;-99999.000;-99999.000;-99999.000
248;1;248;1;1;-99999.000;-99999.000;-99999.000;-99999.000;-99999.000;-99999.000;-99999.000;-99999.000
249;1;249;1;0;-99999.000;-99999.000;-99999.000;-99999.000;-99999.000;-99999.000;-99999.000;-99999.000
250;1;250;1;1;-99999.000;-99999.000;-99999.000;-99999.000;-99999.000;-99999.000;-99999.000;-99999.000
251;1;251;1;0;2065.640;2623.330;1536.670;103.000;2623.330;1116.000;397.000;1536.670
252;1;252;1;1;-99999.000;-99999.000;-99999.000;-99999.000;-99999.000;-99999.000;-99999.000;-99999.000
253;1;253;1;1;-99999.000;-99999.000;-99999.000;-99999.000;-99999.000;-99999.000;-99999.000;-99999.000
254;1;254;1;1;-99999.000;-99999.000;-99999.000;-99999.000;-99999.000;-99999.000;-99999.000;-99999.000
255;1;255;1;0;-99999.000;-99999.000;-99999.000;-99999.000;-99999.000;-99999.000;-99999.000;-99999.000
256;1;256;1;1;-99999.000;-99999.000;-99999.000;-99999.000;-99999.000;-99999.000;-99999.000;-99999.000
257;1;257;1;1;-99999.000;-99999.000;-99999.000;-99999.000;-99999.000;-99999.000;-99999.000;-99999.000
258;1;258;1;1;-99999.000;-99999.000;-99999.000;-99999.000;-99999.000;-99999.000;-99999.000;-99999.000
259;1;259;1;1;-99999.000;-99999.000;-99999.000;-99999.000;-99999.000;-99999.000;-99999.000;-99999.000
260;1;260;1;1;-99999.000;-99999.000;-99999.000;-99999.000;-99999.000;-99999.000;-99999.000;-99999.000
261;1;261;1;1;1918.440;2443.330;1320.000;85.000;2533.330;912.000;326.000;1320.000
262;1;262;1;1;-99999.000;-99999.000;-99999.000;-99999.000;-99999.000;-99999.000;-99999.000;-99999.000
263;1;263;1;0;2353.450;2416.670;2153.330;31.000;2470.000;1583.000;412.000;2170.000
264;1;264;1;1;2263.450;2343.330;2040.000;41.000;2393.330;1543.000;407.000;2060.000
265;1;265;1;1;-99999.000;-99999.000;-99999.000;-99999.000;-99999.000;-99999.000;-99999.000;-99999.000
266;1;266;1;0;-99999.000;-99999.000;-99999.000;-99999.000;-99999.000;-99999.000;-99999.000;-99999.000
267;1;267;1;0;-99999.000;-99999.000;-99999.000;-99999.000;-99999.000;-99999.000;-99999.000;-99999.000
268;1;268;1;1;-99999.000;-99999.000;-99999.000;-99999.000;-99999.000;-99999.000;-99999.000;-99999.000
269;1;269;1;0;-99999.000;-99999.000;-99999.000;-99999.000;-99999.000;-99999.000;-99999.000;-99999.000
270;1;270;1;0;2505.510;2530.000;2426.670;276.000;2553.330;2307.000;691.000;2426.670
271;1;271;1;0;-99999.000;-99999.000;-99999.000;-99999.000;-99999.000;-99999.000;-99999.000;-99999.000
272;1;272;1;1;-99999.000;-99999.000;-99999.000;-99999.000;-99999.000;-99999.000;-99999.000;-99999.000
273;1;273;1;1;-99999.000;-99999.000;-99999.000;-99999.000;-99999.000;-99999.000;-99999.000;-99999.000
274;1;274;1;0;-99999.000;-99999.000;-99999.000;-99999.000;-99999.000;-99999.000;-99999.000;-99999.000
275;1;275;1;1;-99999.000;-99999.000;-99999.000;-99999.000;-99999.000;-99999.000;-99999.000;-99999.000
276;1;276;1;1;-99999.000;-99999.000;-99999.000;-99999.000;-99999.000;-99999.000;-99999.000;-99999.000
277;1;277;1;0;-99999.000;-99999.000;-99999.000;-99999.000;-99999.000;-99999.000;-99999.000;-99999.000
278;1;278;1;0;2621.640;2686.670;2410.000;115.000;2743.330;1648.000;390.000;2410.000
279;1;279;1;0;1525.700;1843.330;850.000;111.000;2236.670;814.000;243.000;850.000
280;1;280;1;1;-99999.000;-99999.000;-99999.000;-99999.000;-99999.000;-99999.000;-99999.000;-99999.000
281;1;281;1;1;-99999.000;-99999.000;-99999.000;-99999.000;-99999.000;-99999.000;-99999.000;-99999.000
282;1;282;1;1;-99999.000;-99999.000;-99999.000;-99999.000;-99999.000;-99999.000;-99999.000;-99999.000
283;1;283;1;1;-99999.000;-99999.000;-99999.000;-99999.000;-99999.000;-99999.000;-99999.000;-99999.000
284;1;284;1;0;-99999.000;-99999.000;-99999.000;-99999.000;-99999.000;-99999.000;-99999.000;-99999.000
285;1;285;1;1;-99999.000;-99999.000;-99999.000;-99999.000;-99999.000;-99999.000;-99999.000;-99999.000
286;1;286;1;0;-99999.000;-99999.000;-99999.000;-99999.000;-99999.000;-99999.000;-99999.000;-99999.000
287;1;287;1;1;-99999.000;-99999.000;-99999.000;-99999.000;-99999.000;-99999.000;-99999.000;-99999.000
288;1;288;1;0;-99999.000;-99999.000;-99999.000;-99999.000;-99999.000;-99999.000;-99999.000;-99999.000
289;1;289;1;1;-99999.000;-99999.000;-99999.000;-99999.000;-99999.000;-99999.000;-99999.000;-99999.000
290;1;290;1;1;-99999.000;-99999.000;-99999.000;-99999.000;-99999.000;-99999.000;-99999.000;-99999.000
291;1;291;1;1;-99999.000;-99999.000;-99999.000;-99999.000;-99999.000;-99999.000;-99999.000;-99999.000
292;1;292;1;1;-99999.000;-99999.000;-99999.000;-99999.000;-99999.000;-99999.000;-99999.000;-99999.000
293;1;293;1;1;-99999.000;-99999.000;-99999.000;-99999.000;-99999.000;-99999.000;-99999.000;-99999.000
294;1;294;1;1;2367.700;2326.670;2326.670;856.000;2436.670;1928.000;195.000;2393.330
295;1;295;1;0;-99999.000;-99999.000;-99999.000;-99999.000;-99999.000;-99999.000;-99999.000;-99999.000
296;1;296;1;0;-99999.000;-99999.000;-99999.000;-99999.000;-99999.000;-99999.000;-99999.000;-99999.000
297;1;297;1;0;-99999.000;-99999.000;-99999.000;-99999.000;-99999.000;-99999.000;-99999.000;-99999.000
298;1;298;1;1;-99999.000;-99999.000;-99999.000;-99999.000;-99999.000;-99999.000;-99999.000;-99999.000
299;1;299;1;1;-99999.000;-99999.000;-99999.000;-99999.000;-99999.000;-99999.000;-99999.000;-99999.000
300;1;300;1;0;414.030;420.000;56.670;157.000;773.330;655.000;159.000;253.330
301;1;301;1;1;-99999.000;-99999.000;-99999.000;-99999.000;-99999.000;-99999.000;-99999.000;-99999.000
302;1;302;1;1;2576.900;2550.000;2543.330;320.000;2623.330;2424.000;360.000;2563.330
303;1;303;1;1;-99999.000;-99999.000;-99999.000;-99999.000;-99999.000;-99999.000;-99999.000;-99999.000
304;1;304;1;0;-99999.000;-99999.000;-99999.000;-99999.000;-99999.000;-99999.000;-99999.000;-99999.000
305;1;305;1;0;-99999.000;-99999.000;-99999.000;-99999.000;-99999.000;-99999.000;-99999.000;-99999.000
306;1;306;1;0;232.410;-23.330;-73.330;11.000;513.330;14.000;0.000;513.330
307;1;307;1;1;-99999.000;-99999.000;-99999.000;-99999.000;-99999.000;-99999.000;-99999.000;-99999.000
308;1;308;1;0;-99999.000;-99999.000;-99999.000;-99999.000;-99999.000;-99999.000;-99999.000;-99999.000
309;1;309;1;1;-99999.000;-99999.000;-99999.000;-99999.000;-99999.000;-99999.000;-99999.000;-99999.000
310;1;310;1;0;-99999.000;-99999.000;-99999.000;-99999.000;-99999.000;-99999.000;-99999.000;-99999.000
311;1;311;1;1;-99999.000;-99999.000;-99999.000;-99999.000;-99999.000;-99999.000;-99999.000;-99999.000
312;1;312;1;1;2466.710;2406.670;2360.000;323.000;2590.000;879.000;69.000;2530.000
313;1;313;1;1;-99999.000;-99999.000;-99999.000;-99999.000;-99999.000;-99999.000;-99999.000;-99999.000
314;1;314;1;0;-99999.000;-99999.000;-99999.000;-99999.000;-99999.000;-99999.000;-99999.000;-99999.000
315;2;315;220;1;1;1;-99999.000;-99999.000;-99999.000;-99999.000;-99999.000;-99999.000;-99999.000;-99999.000
316;1;316;1;1;2653.560;2716.670;2493.330;24.000;2750.000;1571.000;392.000;2496.670
317;1;317;1;1;-99999.000;-99999.000;-99999.000;-99999.000;-99999.000;-99999.000;-99999.000;-99999.000
318;1;318;1;0;-99999.000;-99999.000;-99999.000;-99999.000;-99999.000;-99999.000;-99999.000;-99999.000
319;1;319;1;0;-99999.000;-99999.000;-99999.000;-99999.000;-99999.000;-99999.000;-99999.000;-99999.000
320;1;320;1;0;-99999.000;-99999.000;-99999.000;-99999.000;-99999.000;-99999.000;-99999.000;-99999.000
321;1;321;1;1;-99999.000;-99999.000;-99999.000;-99999.000;-99999.000;-99999.000;-99999.000;-99999.000
322;1;322;1;1;-99999.000;-99999.000;-99999.000;-99999.000;-99999.000;-99999.000;-99999.000;-99999.000
323;1;323;1;1;-99999.000;-99999.000;-99999.000;-99999.000;-99999.000;-99999.000;-99999.000;-99999.000
324;1;324;1;0;-99999.000;-99999.000;-99999.000;-99999.000;-99999.000;-99999.000;-99999.000;-99999.000
325;1;325;1;1;-99999.000;-99999.000;-99999.000;-99999.000;-99999.000;-99999.000;-99999.000;-99999.000
326;1;326;1;1;-99999.000;-99999.000;-99999.000;-99999.000;-99999.000;-99999.000;-99999.000;-99999.000
327;1;327;1;0;-99999.000;-99999.000;-99999.000;-99999.000;-99999.000;-99999.000;-99999.000;-99999.000
328;1;328;1;0;-99999.000;-99999.000;-99999.000;-99999.000;-99999.000;-99999.000;-99999.000;-99999.000
329;1;329;1;0;-99999.000;-99999.000;-99999.000;-99999.000;-99999.000;-99999.000;-99999.000;-99999.000
330;1;330;1;1;-99999.000;-99999.000;-99999.000;-99999.000;-99999.000;-99999.000;-99999.000;-99999.000
331;1;331;1;0;-99999.000;-99999.000;-99999.000;-99999.000;-99999.000;-99999.000;-99999.000;-99999.000
332;1;332;1;0;-99999.000;-99999.000;-99999.000;-99999.000;-99999.000;-99999.000;-99999.000;-99999.000
333;1;333;1;0;-99999.000;-99999.000;-99999.000;-99999.000;-99999.000;-99999.000;-99999.000;-99999.000
334;1;334;1;0;2671.970;2726.670;2486.670;116.000;2796.670;1366.000;336.000;2510.000
335;1;335;1;1;2610.900;2583.330;2576.670;702.000;2656.670;2163.000;459.000;2613.330
336;1;336;1;0;113.510;353.330;-206.670;6.000;353.330;329.000;212.000;-206.670
337;2;337;682;1;1;1;2063.780;2263.330;1770.000;181.000;2283.330;1831.000;527.000;1863.330
338;2;338;234;1;1;1;-99999.000;-99999.000;-99999.000;-99999.000;-99999.000;-99999.000;-99999.000;-99999.000
339;1;339;1;0;-99999.000;-99999.000;-99999.000;-99999.000;-99999.000;-99999.000;-99999.000;-99999.000
340;1;340;1;0;-99999.000;-99999.000;-99999.000;-99999.000;-99999.000;-99999.000;-99999.000;-99999.000
341;1;341;1;1;-99999.000;-99999.000;-99999.000;-99999.000;-99999.000;-99999.000;-99999.000;-99999.000
342;1;342;1;0;-99999.000;-99999.000;-99999.000;-99999.000;-99999.000;-99999.000;-99999.000;-99999.000
343;1;343;1;0;-99999.000;-99999.000;-99999.000;-99999.000;-99999.000;-99999.000;-99999.000;-99999.000
344;1;344;1;0;2374.580;2343.330;2153.330;541.000;2546.670;1597.000;228.000;2536.670
345;1;345;1;0;-99999.000;-99999.000;-99999.000;-99999.000;-99999.000;-99999.000;-99999.000;-99999.000
346;1;346;1;1;-99999.000;-99999.000;-99999.000;-99999.000;-99999.000;-99999.000;-99999.000;-99999.000
347;1;347;1;0;-99999.000;-99999.000;-99999.000;-99999.000;-99999.000;-99999.000;-99999.000;-99999.000
348;1;348;1;1;2562.710;2530.000;2526.670;214.000;2626.670;2318.000;330.000;2553.330
349;2;349;158;1;1;0;2532.490;2840.000;2130.000;135.000;2853.330;1014.000;380.000;2146.670
350;1;350;1;0;-99999.000;-99999.000;-99999.000;-99999.000;-99999.000;-99999.000;-99999.000;-99999.000
351;1;351;1;0;2144.330;2570.000;1633.330;80.000;2653.330;930.000;352.000;1633.330
352;1;352;1;1;-99999.000;-99999.000;-99999.000;-99999.000;-99999.000;-99999.000;-99999.000;-99999.000
353;1;353;1;0;-99999.000;-99999.000;-99999.000;-99999.000;-99999.000;-99999.000;-99999.000;-99999.000
354;1;354;1;0;-99999.000;-99999.000;-99999.000;-99999.000;-99999.000;-99999.000;-99999.000;-99999.000
355;1;355;1;0;-99999.000;-99999.000;-99999.000;-99999.000;-99999.000;-99999.000;-99999.000;-99999.000
356;1;356;1;1;-99999.000;-99999.000;-99999.000;-99999.000;-99999.000;-99999.000;-99999.000;-99999.000
357;1;357;1;1;-99999.000;-99999.000;-99999.000;-99999.000;-99999.000;-99999.000;-99999.000;-99999.000
358;1;358;1;0;2690.220;2643.330;2630.000;526.000;2806.670;2142.000;188.000;2806.670
359;1;359;1;1;-99999.000;-99999.000;-99999.000;-99999.000;-99999.000;-99999.000;-99999.000;-99999.000
360;1;360;1;0;-99999.000;-99999.000;-99999.000;-99999.000;-99999.000;-99999.000;-99999.000;-99999.000
361;2;361;725;1;1;0;1916.030;2243.330;1410.000;42.000;2310.000;355.000;162.000;1770.000
362;1;362;1;1;-99999.000;-99999.000;-99999.000;-99999.000;-99999.000;-99999.000;-99999.000;-99999.000
363;1;363;1;1;-99999.000;-99999.000;-99999.000;-99999.000;-99999.000;-99999.000;-99999.000;-99999.000
364;1;364;1;0;-99999.000;-99999.000;-99999.000;-99999.000;-99999.000;-99999.000;-99999.000;-99999.000
365;1;365;1;1;-99999.000;-99999.000;-99999.000;-99999.000;-99999.000;-99999.000;-99999.000;-99999.000
366;1;366;1;1;-99999.000;-99999.000;-99999.000;-99999.000;-99999.000;-99999.000;-99999.000;-99999.000
367;1;367;1;1;-99999.000;-99999.000;-99999.000;-99999.000;-99999.000;-99999.000;-99999.000;-99999.000
368;1;368;1;0;-99999.000;-99999.000;-99999.000;-99999.000;-99999.000;-99999.000;-99999.000;-99999.000
369;1;369;1;1;-99999.000;-99999.000;-99999.000;-99999.000;-99999.000;-99999.000;-99999.000;-99999.000
370;1;370;1;0;-99999.000;-99999.000;-99999.000;-99999.000;-99999.000;-99999.000;-99999.000;-99999.000
371;1;371;1;1;-99999.000;-99999.000;-99999.000;-99999.000;-99999.000;-99999.000;-99999.000;-99999.000
372;1;372;1;1;-99999.000;-99999.000;-99999.000;-99999.000;-99999.000;-99999.000;-99999.000;-99999.000
373;1;373;1;0;2434.960;2403.330;2400.000;720.000;2460.000;2123.000;420.000;2456.670
374;1;374;1;1;-99999.000;-99999.000;-99999.000;-99999.000;-99999.000;-99999.000;-99999.000;-99999.000
375;1;375;1;1;-99999.000;-99999.000;-99999.000;-99999.000;-99999.000;-99999.000;-99999.000;-99999.000
376;1;376;1;0;2.600;-393.330;-433.330;494.000;426.670;1849.000;432.000;6.670
377;1;377;1;1;-99999.000;-99999.000;-99999.000;-99999.000;-99999.000;-99999.000;-99999.000;-99999.000
378;2;378;383;1;1;0;2556.470;2573.330;2493.330;461.000;2603.330;2634.000;702.000;2496.670
379;1;379;1;0;-99999.000;-99999.000;-99999.000;-99999.000;-99999.000;-99999.000;-99999.000;-99999.000
380;1;380;1;0;-99999.000;-99999.000;-99999.000;-99999.000;-99999.000;-99999.000;-99999.000;-99999.000
381;1;381;1;0;-99999.000;-99999.000;-99999.000;-99999.000;-99999.000;-99999.000;-99999.000;-99999.000
382;1;382;1;0;-99999.000;-99999.000;-99999.000;-99999.000;-99999.000;-99999.000;-99999.000;-99999.000
383;2;383;378;1;1;0;2556.470;2573.330;2493.330;461.000;2603.330;2634.000;702.000;2496.670
384;1;384;1;1;-99999.000;-99999.000;-99999.000;-99999.000;-99999.000;-99999.000;-99999.000;-99999.000
385;2;385;419;1;1;0;2477.640;2413.330;2376.670;336.000;2593.330;893.000;66.000;2540.000
386;1;386;1;1;-99999.000;-99999.000;-99999.000;-99999.000;-99999.000;-99999.000;-99999.000;-99999.000
387;1;387;1;0;-99999.000;-99999.000;-99999.000;-99999.000;-99999.000;-99999.000;-99999.000;-99999.000
388;1;388;1;1;-99999.000;-99999.000;-99999.000;-99999.000;-99999.000;-99999.000;-99999.000;-99999.000
389;1;389;1;1;-99999.000;-99999.000;-99999.000;-99999.000;-99999.000;-99999.000;-99999.000;-99999.000
390;1;390;1;1;-99999.000;-99999.000;-99999.000;-99999.000;-99999.000;-99999.000;-99999.000;-99999.000
391;1;391;1;0;-99999.000;-99999.000;-99999.000;-99999.000;-99999.000;-99999.000;-99999.000;-99999.000
392;1;392;1;0;-99999.000;-99999.000;-99999.000;-99999.000;-99999.000;-99999.000;-99999.000;-99999.000
393;1;393;1;0;1887.010;2550.000;1013.330;22.000;2663.330;307.000;176.000;1526.670
394;1;394;1;0;-99999.000;-99999.000;-99999.000;-99999.000;-99999.000;-99999.000;-99999.000;-99999.000
395;1;395;1;0;2295.010;2546.670;1956.670;189.000;2546.670;1322.000;529.000;1973.330
396;1;396;1;1;2586.220;2673.330;2426.670;363.000;2676.670;2507.000;818.000;2496.670
397;1;397;1;1;-99999.000;-99999.000;-99999.000;-99999.000;-99999.000;-99999.000;-99999.000;-99999.000
398;1;398;1;0;-99999.000;-99999.000;-99999.000;-99999.000;-99999.000;-99999.000;-99999.000;-99999.000
399;1;399;1;1;2553.400;2683.330;2280.000;120.000;2730.000;1095.000;385.000;2313.330
400;1;400;1;0;-99999.000;-99999.000;-99999.000;-99999.000;-99999.000;-99999.000;-99999.000;-99999.000
401;1;401;1;1;-99999.000;-99999.000;-99999.000;-99999.000;-99999.000;-99999.000;-99999.000;-99999.000
402;1;402;1;0;-99999.000;-99999.000;-99999.000;-99999.000;-99999.000;-99999.000;-99999.000;-99999.000
403;1;403;1;0;2334.790;2500.000;2046.670;107.000;2506.670;1187.000;504.000;2056.670
404;1;404;1;0;-99999.000;-99999.000;-99999.000;-99999.000;-99999.000;-99999.000;-99999.000;-99999.000
405;1;405;1;0;-99999.000;-99999.000;-99999.000;-99999.000;-99999.000;-99999.000;-99999.000;-99999.000
406;1;406;1;0;2516.360;2706.670;2213.330;113.000;2713.330;1229.000;503.000;2226.670
407;1;407;1;1;-99999.000;-99999.000;-99999.000;-99999.000;-99999.000;-99999.000;-99999.000;-99999.000
408;2;408;138;1;1;1;-99999.000;-99999.000;-99999.000;-99999.000;-99999.000;-99999.000;-99999.000;-99999.000
409;1;409;1;1;-99999.000;-99999.000;-99999.000;-99999.000;-99999.000;-99999.000;-99999.000;-99999.000
410;1;410;1;0;-99999.000;-99999.000;-99999.000;-99999.000;-99999.000;-99999.000;-99999.000;-99999.000
411;1;411;1;1;-99999.000;-99999.000;-99999.000;-99999.000;-99999.000;-99999.000;-99999.000;-99999.000
412;1;412;1;0;-99999.000;-99999.000;-99999.000;-99999.000;-99999.000;-99999.000;-99999.000;-99999.000
413;1;413;1;0;2291.970;2753.330;1746.670;43.000;2753.330;790.000;412.000;1950.000
414;1;414;1;0;-99999.000;-99999.000;-99999.000;-99999.000;-99999.000;-99999.000;-99999.000;-99999.000
415;1;415;1;0;-99999.000;-99999.000;-99999.000;-99999.000;-99999.000;-99999.000;-99999.000;-99999.000
416;1;416;1;0;1934.710;2436.670;1240.000;18.000;2566.670;535.000;272.000;1240.000
417;1;417;1;1;-99999.000;-99999.000;-99999.000;-99999.000;-99999.000;-99999.000;-99999.000;-99999.000
418;1;418;1;0;-99999.000;-99999.000;-99999.000;-99999.000;-99999.000;-99999.000;-99999.000;-99999.000
419;2;419;385;1;1;0;2477.640;2413.330;2376.670;336.000;2593.330;893.000;66.000;2540.000
420;1;420;1;1;-99999.000;-99999.000;-99999.000;-99999.000;-99999.000;-99999.000;-99999.000;-99999.000
421;1;421;1;1;-99999.000;-99999.000;-99999.000;-99999.000;-99999.000;-99999.000;-99999.000;-99999.000
422;1;422;1;1;-99999.000;-99999.000;-99999.000;-99999.000;-99999.000;-99999.000;-99999.000;-99999.000
423;1;423;1;1;-99999.000;-99999.000;-99999.000;-99999.000;-99999.000;-99999.000;-99999.000;-99999.000
424;1;424;1;0;-99999.000;-99999.000;-99999.000;-99999.000;-99999.000;-99999.000;-99999.000;-99999.000
425;1;425;1;0;-99999.000;-99999.000;-99999.000;-99999.000;-99999.000;-99999.000;-99999.000;-99999.000
426;1;426;1;1;-99999.000;-99999.000;-99999.000;-99999.000;-99999.000;-99999.000;-99999.000;-99999.000
427;1;427;1;0;-99999.000;-99999.000;-99999.000;-99999.000;-99999.000;-99999.000;-99999.000;-99999.000
428;1;428;1;1;-99999.000;-99999.000;-99999.000;-99999.000;-99999.000;-99999.000;-99999.000;-99999.000
429;1;429;1;0;-99999.000;-99999.000;-99999.000;-99999.000;-99999.000;-99999.000;-99999.000;-99999.000
430;1;430;1;0;-99999.000;-99999.000;-99999.000;-99999.000;-99999.000;-99999.000;-99999.000;-99999.000
431;1;431;1;0;-99999.000;-99999.000;-99999.000;-99999.000;-99999.000;-99999.000;-99999.000;-99999.000
432;2;432;501;1;1;1;-99999.000;-99999.000;-99999.000;-99999.000;-99999.000;-99999.000;-99999.000;-99999.000
433;1;433;1;0;-99999.000;-99999.000;-99999.000;-99999.000;-99999.000;-99999.000;-99999.000;-99999.000
434;1;434;1;1;-99999.000;-99999.000;-99999.000;-99999.000;-99999.000;-99999.000;-99999.000;-99999.000
435;1;435;1;1;-99999.000;-99999.000;-99999.000;-99999.000;-99999.000;-99999.000;-99999.000;-99999.000
436;1;436;1;1;-99999.000;-99999.000;-99999.000;-99999.000;-99999.000;-99999.000;-99999.000;-99999.000
437;1;437;1;1;-99999.000;-99999.000;-99999.000;-99999.000;-99999.000;-99999.000;-99999.000;-99999.000
438;1;438;1;1;-99999.000;-99999.000;-99999.000;-99999.000;-99999.000;-99999.000;-99999.000;-99999.000
439;1;439;1;1;-99999.000;-99999.000;-99999.000;-99999.000;-99999.000;-99999.000;-99999.000;-99999.000
440;1;440;1;1;-99999.000;-99999.000;-99999.000;-99999.000;-99999.000;-99999.000;-99999.000;-99999.000
441;1;441;1;0;-99999.000;-99999.000;-99999.000;-99999.000;-99999.000;-99999.000;-99999.000;-99999.000
442;1;442;1;0;-99999.000;-99999.000;-99999.000;-99999.000;-99999.000;-99999.000;-99999.000;-99999.000
443;1;443;1;0;-99999.000;-99999.000;-99999.000;-99999.000;-99999.000;-99999.000;-99999.000;-99999.000
444;1;444;1;1;-99999.000;-99999.000;-99999.000;-99999.000;-99999.000;-99999.000;-99999.000;-99999.000
445;1;445;1;0;293.700;-170.000;-243.330;442.000;856.670;1059.000;124.000;856.670
446;1;446;1;0;-99999.000;-99999.000;-99999.000;-99999.000;-99999.000;-99999.000;-99999.000;-99999.000
447;1;447;1;0;-99999.000;-99999.000;-99999.000;-99999.000;-99999.000;-99999.000;-99999.000;-99999.000
448;1;448;1;1;-99999.000;-99999.000;-99999.000;-99999.000;-99999.000;-99999.000;-99999.000;-99999.000
449;1;449;1;0;-99999.000;-99999.000;-99999.000;-99999.000;-99999.000;-99999.000;-99999.000;-99999.000
450;1;450;1;0;-99999.000;-99999.000;-99999.000;-99999.000;-99999.000;-99999.000;-99999.000;-99999.000
451;1;451;1;1;-99999.000;-99999.000;-99999.000;-99999.000;-99999.000;-99999.000;-99999.000;-99999.000
452;1;452;1;0;2400.660;2416.670;2336.670;208.000;2453.330;1771.000;527.000;2336.670
453;1;453;1;1;-99999.000;-99999.000;-99999.000;-99999.000;-99999.000;-99999.000;-99999.000;-99999.000
454;1;454;1;1;-99999.000;-99999.000;-99999.000;-99999.000;-99999.000;-99999.000;-99999.000;-99999.000
455;1;455;1;0;-99999.000;-99999.000;-99999.000;-99999.000;-99999.000;-99999.000;-99999.000;-99999.000
456;1;456;1;0;-99999.000;-99999.000;-99999.000;-99999.000;-99999.000;-99999.000;-99999.000;-99999.000
457;1;457;1;1;-99999.000;-99999.000;-99999.000;-99999.000;-99999.000;-99999.000;-99999.000;-99999.000
458;1;458;1;0;-99999.000;-99999.000;-99999.000;-99999.000;-99999.000;-99999.000;-99999.000;-99999.000
459;1;459;1;1;-99999.000;-99999.000;-99999.000;-99999.000;-99999.000;-99999.000;-99999.000;-99999.000
460;1;460;1;0;-99999.000;-99999.000;-99999.000;-99999.000;-99999.000;-99999.000;-99999.000;-99999.000
461;1;461;1;1;-99999.000;-99999.000;-99999.000;-99999.000;-99999.000;-99999.000;-99999.000;-99999.000
462;1;462;1;1;-99999.000;-99999.000;-99999.000;-99999.000;-99999.000;-99999.000;-99999.000;-99999.000
463;1;463;1;1;-99999.000;-99999.000;-99999.000;-99999.000;-99999.000;-99999.000;-99999.000;-99999.000
464;1;464;1;0;-99999.000;-99999.000;-99999.000;-99999.000;-99999.000;-99999.000;-99999.000;-99999.000
465;1;465;1;0;-99999.000;-99999.000;-99999.000;-99999.000;-99999.000;-99999.000;-99999.000;-99999.000
466;1;466;1;0;-99999.000;-99999.000;-99999.000;-99999.000;-99999.000;-99999.000;-99999.000;-99999.000
467;1;467;1;0;2286.140;2333.330;2130.000;69.000;2376.670;2045.000;516.000;2130.000
468;1;468;1;0;-99999.000;-99999.000;-99999.000;-99999.000;-99999.000;-99999.000;-99999.000;-99999.000
469;1;469;1;1;-99999.000;-99999.000;-99999.000;-99999.000;-99999.000;-99999.000;-99999.000;-99999.000
470;1;470;1;1;-99999.000;-99999.000;-99999.000;-99999.000;-99999.000;-99999.000;-99999.000;-99999.000
471;1;471;1;0;2547.290;2736.670;2213.330;128.000;2753.330;1114.000;359.000;2410.000
472;1;472;1;0;1250.470;850.000;536.670;38.000;1986.670;151.000;32.000;1886.670
473;1;473;1;0;-99999.000;-99999.000;-99999.000;-99999.000;-99999.000;-99999.000;-99999.000;-99999.000
474;1;474;1;1;-99999.000;-99999.000;-99999.000;-99999.000;-99999.000;-99999.000;-99999.000;-99999.000
475;1;475;1;1;-99999.000;-99999.000;-99999.000;-99999.000;-99999.000;-99999.000;-99999.000;-99999.000
476;2;476;132;1;1;0;-99999.000;-99999.000;-99999.000;-99999.000;-99999.000;-99999.000;-99999.000;-99999.000
477;1;477;1;1;-99999.000;-99999.000;-99999.000;-99999.000;-99999.000;-99999.000;-99999.000;-99999.000
478;1;478;1;1;-99999.000;-99999.000;-99999.000;-99999.000;-99999.000;-99999.000;-99999.000;-99999.000
479;1;479;1;1;-99999.000;-99999.000;-99999.000;-99999.000;-99999.000;-99999.000;-99999.000;-99999.000
480;1;480;1;0;-99999.000;-99999.000;-99999.000;-99999.000;-99999.000;-99999.000;-99999.000;-99999.000
481;1;481;1;1;-99999.000;-99999.000;-99999.000;-99999.000;-99999.000;-99999.000;-99999.000;-99999.000
482;1;482;1;0;-99999.000;-99999.000;-99999.000;-99999.000;-99999.000;-99999.000;-99999.000;-99999.000
483;2;483;173;1;1;1;-99999.000;-99999.000;-99999.000;-99999.000;-99999.000;-99999.000;-99999.000;-99999.000
484;1;484;1;0;-99999.000;-99999.000;-99999.000;-99999.000;-99999.000;-99999.000;-99999.000;-99999.000
485;1;485;1;1;-99999.000;-99999.000;-99999.000;-99999.000;-99999.000;-99999.000;-99999.000;-99999.000
486;3;486;209;716;1;1;1;0;2618.110;2706.670;2333.330;161.000;2820.000;1365.000;381.000;2603.330
487;1;487;1;0;-99999.000;-99999.000;-99999.000;-99999.000;-99999.000;-99999.000;-99999.000;-99999.000
488;1;488;1;0;1144.600;520.000;440.000;84.000;1876.670;203.000;27.000;1783.330
489;1;489;1;0;-99999.000;-99999.000;-99999.000;-99999.000;-99999.000;-99999.000;-99999.000;-99999.000
490;1;490;1;0;-99999.000;-99999.000;-99999.000;-99999.000;-99999.000;-99999.000;-99999.000;-99999.000
491;1;491;1;1;-99999.000;-99999.000;-99999.000;-99999.000;-99999.000;-99999.000;-99999.000;-99999.000
492;1;492;1;1;-99999.000;-99999.000;-99999.000;-99999.000;-99999.000;-99999.000;-99999.000;-99999.000
493;1;493;1;0;-99999.000;-99999.000;-99999.000;-99999.000;-99999.000;-99999.000;-99999.000;-99999.000
494;1;494;1;0;-99999.000;-99999.000;-99999.000;-99999.000;-99999.000;-99999.000;-99999.000;-99999.000
495;1;495;1;0;2632.820;2660.000;2466.670;110.000;2746.670;1450.000;360.000;2486.670
496;1;496;1;1;-99999.000;-99999.000;-99999.000;-99999.000;-99999.000;-99999.000;-99999.000;-99999.000
497;1;497;1;0;-99999.000;-99999.000;-99999.000;-99999.000;-99999.000;-99999.000;-99999.000;-99999.000
498;1;498;1;1;1763.640;2146.670;1366.670;341.000;2156.670;1565.000;453.000;1400.000
499;1;499;1;0;-99999.000;-99999.000;-99999.000;-99999.000;-99999.000;-99999.000;-99999.000;-99999.000
500;1;500;1;0;-99999.000;-99999.000;-99999.000;-99999.000;-99999.000;-99999.000;-99999.000;-99999.000
501;2;501;432;1;1;1;-99999.000;-99999.000;-99999.000;-99999.000;-99999.000;-99999.000;-99999.000;-99999.000
502;1;502;1;1;2214.000;2320.000;1973.330;11.000;2346.670;1094.000;290.000;1973.330
503;1;503;1;1;2478.600;2420.000;2420.000;782.000;2580.000;1593.000;162.000;2473.330
504;1;504;1;1;-99999.000;-99999.000;-99999.000;-99999.000;-99999.000;-99999.000;-99999.000;-99999.000
505;1;505;1;1;-99999.000;-99999.000;-99999.000;-99999.000;-99999.000;-99999.000;-99999.000;-99999.000
506;1;506;1;0;-99999.000;-99999.000;-99999.000;-99999.000;-99999.000;-99999.000;-99999.000;-99999.000
507;1;507;1;1;-99999.000;-99999.000;-99999.000;-99999.000;-99999.000;-99999.000;-99999.000;-99999.000
508;1;508;1;1;-99999.000;-99999.000;-99999.000;-99999.000;-99999.000;-99999.000;-99999.000;-99999.000
509;1;509;1;1;-99999.000;-99999.000;-99999.000;-99999.000;-99999.000;-99999.000;-99999.000;-99999.000
510;1;510;1;1;-99999.000;-99999.000;-99999.000;-99999.000;-99999.000;-99999.000;-99999.000;-99999.000
511;1;511;1;0;-99999.000;-99999.000;-99999.000;-99999.000;-99999.000;-99999.000;-99999.000;-99999.000
512;1;512;1;1;-99999.000;-99999.000;-99999.000;-99999.000;-99999.000;-99999.000;-99999.000;-99999.000
513;1;513;1;1;-99999.000;-99999.000;-99999.000;-99999.000;-99999.000;-99999.000;-99999.000;-99999.000
514;1;514;1;0;-99999.000;-99999.000;-99999.000;-99999.000;-99999.000;-99999.000;-99999.000;-99999.000
515;1;515;1;0;-99999.000;-99999.000;-99999.000;-99999.000;-99999.000;-99999.000;-99999.000;-99999.000
516;1;516;1;0;-99999.000;-99999.000;-99999.000;-99999.000;-99999.000;-99999.000;-99999.000;-99999.000
517;1;517;1;0;-99999.000;-99999.000;-99999.000;-99999.000;-99999.000;-99999.000;-99999.000;-99999.000
518;1;518;1;0;2228.440;2496.670;1860.000;253.000;2523.330;1492.000;506.000;1883.330
519;1;519;1;1;-99999.000;-99999.000;-99999.000;-99999.000;-99999.000;-99999.000;-99999.000;-99999.000
520;1;520;1;1;-99999.000;-99999.000;-99999.000;-99999.000;-99999.000;-99999.000;-99999.000;-99999.000
521;1;521;1;0;-99999.000;-99999.000;-99999.000;-99999.000;-99999.000;-99999.000;-99999.000;-99999.000
522;1;522;1;1;-99999.000;-99999.000;-99999.000;-99999.000;-99999.000;-99999.000;-99999.000;-99999.000
523;1;523;1;0;-99999.000;-99999.000;-99999.000;-99999.000;-99999.000;-99999.000;-99999.000;-99999.000
524;1;524;1;1;-99999.000;-99999.000;-99999.000;-99999.000;-99999.000;-99999.000;-99999.000;-99999.000
525;1;525;1;1;-99999.000;-99999.000;-99999.000;-99999.000;-99999.000;-99999.000;-99999.000;-99999.000
526;1;526;1;0;-99999.000;-99999.000;-99999.000;-99999.000;-99999.000;-99999.000;-99999.000;-99999.000
527;1;527;1;0;-99999.000;-99999.000;-99999.000;-99999.000;-99999.000;-99999.000;-99999.000;-99999.000
528;1;528;1;1;-99999.000;-99999.000;-99999.000;-99999.000;-99999.000;-99999.000;-99999.000;-99999.000
529;1;529;1;1;-99999.000;-99999.000;-99999.000;-99999.000;-99999.000;-99999.000;-99999.000;-99999.000
530;1;530;1;0;-99999.000;-99999.000;-99999.000;-99999.000;-99999.000;-99999.000;-99999.000;-99999.000
531;2;531;729;1;1;0;1004.030;440.000;373.330;93.000;1636.670;278.000;40.000;1636.670
532;1;532;1;1;-99999.000;-99999.000;-99999.000;-99999.000;-99999.000;-99999.000;-99999.000;-99999.000
533;1;533;1;0;-99999.000;-99999.000;-99999.000;-99999.000;-99999.000;-99999.000;-99999.000;-99999.000
534;1;534;1;1;-99999.000;-99999.000;-99999.000;-99999.000;-99999.000;-99999.000;-99999.000;-99999.000
535;1;535;1;1;-99999.000;-99999.000;-99999.000;-99999.000;-99999.000;-99999.000;-99999.000;-99999.000
536;1;536;1;0;-99999.000;-99999.000;-99999.000;-99999.000;-99999.000;-99999.000;-99999.000;-99999.000
537;1;537;1;1;-99999.000;-99999.000;-99999.000;-99999.000;-99999.000;-99999.000;-99999.000;-99999.000
538;1;538;1;1;2735.420;2660.000;2660.000;1030.000;2840.000;2285.000;221.000;2810.000
539;1;539;1;1;-99999.000;-99999.000;-99999.000;-99999.000;-99999.000;-99999.000;-99999.000;-99999.000
540;1;540;1;0;-99999.000;-99999.000;-99999.000;-99999.000;-99999.000;-99999.000;-99999.000;-99999.000
541;1;541;1;1;-99999.000;-99999.000;-99999.000;-99999.000;-99999.000;-99999.000;-99999.000;-99999.000
542;1;542;1;1;-99999.000;-99999.000;-99999.000;-99999.000;-99999.000;-99999.000;-99999.000;-99999.000
543;1;543;1;1;-99999.000;-99999.000;-99999.000;-99999.000;-99999.000;-99999.000;-99999.000;-99999.000
544;1;544;1;0;-99999.000;-99999.000;-99999.000;-99999.000;-99999.000;-99999.000;-99999.000;-99999.000
545;1;545;1;1;2486.850;2753.330;2130.000;36.000;2756.670;670.000;320.000;2130.000
546;1;546;1;1;-99999.000;-99999.000;-99999.000;-99999.000;-99999.000;-99999.000;-99999.000;-99999.000
547;1;547;1;1;-99999.000;-99999.000;-99999.000;-99999.000;-99999.000;-99999.000;-99999.000;-99999.000
548;1;548;1;0;-99999.000;-99999.000;-99999.000;-99999.000;-99999.000;-99999.000;-99999.000;-99999.000
549;1;549;1;1;-99999.000;-99999.000;-99999.000;-99999.000;-99999.000;-99999.000;-99999.000;-99999.000
550;1;550;1;1;-99999.000;-99999.000;-99999.000;-99999.000;-99999.000;-99999.000;-99999.000;-99999.000
551;1;551;1;1;-99999.000;-99999.000;-99999.000;-99999.000;-99999.000;-99999.000;-99999.000;-99999.000
552;1;552;1;0;-99999.000;-99999.000;-99999.000;-99999.000;-99999.000;-99999.000;-99999.000;-99999.000
553;1;553;1;0;-99999.000;-99999.000;-99999.000;-99999.000;-99999.000;-99999.000;-99999.000;-99999.000
554;2;554;218;1;1;1;-99999.000;-99999.000;-99999.000;-99999.000;-99999.000;-99999.000;-99999.000;-99999.000
555;2;555;621;1;1;0;2262.220;2570.000;1746.670;39.000;2663.330;754.000;401.000;1953.330
556;1;556;1;1;1539.230;2150.000;853.330;104.000;2256.670;793.000;246.000;853.330
557;1;557;1;0;1692.000;2100.000;940.000;55.000;2446.670;647.000;225.000;940.000
558;1;558;1;1;-99999.000;-99999.000;-99999.000;-99999.000;-99999.000;-99999.000;-99999.000;-99999.000
559;1;559;1;1;-99999.000;-99999.000;-99999.000;-99999.000;-99999.000;-99999.000;-99999.000;-99999.000
560;1;560;1;1;2301.370;2526.670;1990.000;29.000;2530.000;666.000;324.000;1996.670
561;1;561;1;0;-99999.000;-99999.000;-99999.000;-99999.000;-99999.000;-99999.000;-99999.000;-99999.000
562;1;562;1;0;-99999.000;-99999.000;-99999.000;-99999.000;-99999.000;-99999.000;-99999.000;-99999.000
563;1;563;1;0;-99999.000;-99999.000;-99999.000;-99999.000;-99999.000;-99999.000;-99999.000;-99999.000
564;1;564;1;0;-99999.000;-99999.000;-99999.000;-99999.000;-99999.000;-99999.000;-99999.000;-99999.000
565;1;565;1;0;-99999.000;-99999.000;-99999.000;-99999.000;-99999.000;-99999.000;-99999.000;-99999.000
566;1;566;1;1;-99999.000;-99999.000;-99999.000;-99999.000;-99999.000;-99999.000;-99999.000;-99999.000
567;1;567;1;0;-99999.000;-99999.000;-99999.000;-99999.000;-99999.000;-99999.000;-99999.000;-99999.000
568;1;568;1;0;-99999.000;-99999.000;-99999.000;-99999.000;-99999.000;-99999.000;-99999.000;-99999.000
569;1;569;1;0;-99999.000;-99999.000;-99999.000;-99999.000;-99999.000;-99999.000;-99999.000;-99999.000
570;1;570;1;1;-99999.000;-99999.000;-99999.000;-99999.000;-99999.000;-99999.000;-99999.000;-99999.000
571;1;571;1;0;-99999.000;-99999.000;-99999.000;-99999.000;-99999.000;-99999.000;-99999.000;-99999.000
572;2;572;119;1;1;0;-99999.000;-99999.000;-99999.000;-99999.000;-99999.000;-99999.000;-99999.000;-99999.000
573;1;573;1;1;-99999.000;-99999.000;-99999.000;-99999.000;-99999.000;-99999.000;-99999.000;-99999.000
574;1;574;1;1;2637.210;2640.000;2580.000;680.000;2680.000;2974.000;715.000;2640.000
575;1;575;1;0;-99999.000;-99999.000;-99999.000;-99999.000;-99999.000;-99999.000;-99999.000;-99999.000
576;1;576;1;1;-99999.000;-99999.000;-99999.000;-99999.000;-99999.000;-99999.000;-99999.000;-99999.000
577;1;577;1;0;2479.290;2453.330;2443.330;206.000;2533.330;2363.000;531.000;2453.330
578;1;578;1;0;-99999.000;-99999.000;-99999.000;-99999.000;-99999.000;-99999.000;-99999.000;-99999.000
579;1;579;1;0;-99999.000;-99999.000;-99999.000;-99999.000;-99999.000;-99999.000;-99999.000;-99999.000
580;2;580;36;1;1;0;-99999.000;-99999.000;-99999.000;-99999.000;-99999.000;-99999.000;-99999.000;-99999.000
581;1;581;1;0;-99999.000;-99999.000;-99999.000;-99999.000;-99999.000;-99999.000;-99999.000;-99999.000
582;1;582;1;1;-99999.000;-99999.000;-99999.000;-99999.000;-99999.000;-99999.000;-99999.000;-99999.000
583;1;583;1;1;2407.970;2436.670;2326.670;246.000;2453.330;2234.000;707.000;2326.670
584;1;584;1;0;-99999.000;-99999.000;-99999.000;-99999.000;-99999.000;-99999.000;-99999.000;-99999.000
585;1;585;1;0;273.120;640.000;-223.330;16.000;640.000;640.000;398.000;-46.670
586;1;586;1;0;-99999.000;-99999.000;-99999.000;-99999.000;-99999.000;-99999.000;-99999.000;-99999.000
587;1;587;1;1;-99999.000;-99999.000;-99999.000;-99999.000;-99999.000;-99999.000;-99999.000;-99999.000
588;1;588;1;1;2300.900;2386.670;2116.670;74.000;2386.670;1847.000;810.000;2116.670
589;1;589;1;0;-99999.000;-99999.000;-99999.000;-99999.000;-99999.000;-99999.000;-99999.000;-99999.000
590;1;590;1;0;-99999.000;-99999.000;-99999.000;-99999.000;-99999.000;-99999.000;-99999.000;-99999.000
591;1;591;1;1;-99999.000;-99999.000;-99999.000;-99999.000;-99999.000;-99999.000;-99999.000;-99999.000
592;2;592;241;1;1;0;239.920;380.000;-10.000;218.000;380.000;1689.000;671.000;83.330
593;1;593;1;1;2485.670;2493.330;2430.000;788.000;2520.000;3309.000;701.000;2493.330
594;1;594;1;1;-99999.000;-99999.000;-99999.000;-99999.000;-99999.000;-99999.000;-99999.000;-99999.000
595;1;595;1;1;-99999.000;-99999.000;-99999.000;-99999.000;-99999.000;-99999.000;-99999.000;-99999.000
596;1;596;1;1;-99999.000;-99999.000;-99999.000;-99999.000;-99999.000;-99999.000;-99999.000;-99999.000
597;1;597;1;0;-99999.000;-99999.000;-99999.000;-99999.000;-99999.000;-99999.000;-99999.000;-99999.000
598;1;598;1;1;-99999.000;-99999.000;-99999.000;-99999.000;-99999.000;-99999.000;-99999.000;-99999.000
599;1;599;1;1;-99999.000;-99999.000;-99999.000;-99999.000;-99999.000;-99999.000;-99999.000;-99999.000
600;1;600;1;0;-99999.000;-99999.000;-99999.000;-99999.000;-99999.000;-99999.000;-99999.000;-99999.000
601;1;601;1;0;-99999.000;-99999.000;-99999.000;-99999.000;-99999.000;-99999.000;-99999.000;-99999.000
602;1;602;1;1;-99999.000;-99999.000;-99999.000;-99999.000;-99999.000;-99999.000;-99999.000;-99999.000
603;1;603;1;1;-99999.000;-99999.000;-99999.000;-99999.000;-99999.000;-99999.000;-99999.000;-99999.000
604;1;604;1;1;-99999.000;-99999.000;-99999.000;-99999.000;-99999.000;-99999.000;-99999.000;-99999.000
605;1;605;1;0;-99999.000;-99999.000;-99999.000;-99999.000;-99999.000;-99999.000;-99999.000;-99999.000
606;1;606;1;1;-99999.000;-99999.000;-99999.000;-99999.000;-99999.000;-99999.000;-99999.000;-99999.000
607;2;607;172;1;1;0;-99999.000;-99999.000;-99999.000;-99999.000;-99999.000;-99999.000;-99999.000;-99999.000
608;1;608;1;0;2693.810;2720.000;2590.000;26.000;2780.000;1618.000;396.000;2590.000
609;1;609;1;0;-99999.000;-99999.000;-99999.000;-99999.000;-99999.000;-99999.000;-99999.000;-99999.000
610;1;610;1;1;2611.560;2600.000;2543.330;134.000;2683.330;1787.000;380.000;2556.670
611;1;611;1;1;-99999.000;-99999.000;-99999.000;-99999.000;-99999.000;-99999.000;-99999.000;-99999.000
612;1;612;1;1;-99999.000;-99999.000;-99999.000;-99999.000;-99999.000;-99999.000;-99999.000;-99999.000
613;1;613;1;1;-99999.000;-99999.000;-99999.000;-99999.000;-99999.000;-99999.000;-99999.000;-99999.000
614;1;614;1;0;-99999.000;-99999.000;-99999.000;-99999.000;-99999.000;-99999.000;-99999.000;-99999.000
615;2;615;49;1;1;0;-99999.000;-99999.000;-99999.000;-99999.000;-99999.000;-99999.000;-99999.000;-99999.000
616;1;616;1;1;-99999.000;-99999.000;-99999.000;-99999.000;-99999.000;-99999.000;-99999.000;-99999.000
617;1;617;1;0;-99999.000;-99999.000;-99999.000;-99999.000;-99999.000;-99999.000;-99999.000;-99999.000
618;1;618;1;0;-99999.000;-99999.000;-99999.000;-99999.000;-99999.000;-99999.000;-99999.000;-99999.000
619;1;619;1;0;-99999.000;-99999.000;-99999.000;-99999.000;-99999.000;-99999.000;-99999.000;-99999.000
620;1;620;1;1;-99999.000;-99999.000;-99999.000;-99999.000;-99999.000;-99999.000;-99999.000;-99999.000
621;2;621;555;1;1;0;2262.220;2570.000;1746.670;39.000;2663.330;754.000;401.000;1953.330
622;1;622;1;0;-99999.000;-99999.000;-99999.000;-99999.000;-99999.000;-99999.000;-99999.000;-99999.000
623;1;623;1;0;-99999.000;-99999.000;-99999.000;-99999.000;-99999.000;-99999.000;-99999.000;-99999.000
624;1;624;1;1;-99999.000;-99999.000;-99999.000;-99999.000;-99999.000;-99999.000;-99999.000;-99999.000
625;1;625;1;0;-99999.000;-99999.000;-99999.000;-99999.000;-99999.000;-99999.000;-99999.000;-99999.000
626;1;626;1;0;-99999.000;-99999.000;-99999.000;-99999.000;-99999.000;-99999.000;-99999.000;-99999.000
627;1;627;1;1;-99999.000;-99999.000;-99999.000;-99999.000;-99999.000;-99999.000;-99999.000;-99999.000
628;1;628;1;1;-99999.000;-99999.000;-99999.000;-99999.000;-99999.000;-99999.000;-99999.000;-99999.000
629;1;629;1;1;-99999.000;-99999.000;-99999.000;-99999.000;-99999.000;-99999.000;-99999.000;-99999.000
630;2;630;245;1;1;1;-99999.000;-99999.000;-99999.000;-99999.000;-99999.000;-99999.000;-99999.000;-99999.000
631;2;631;69;1;1;0;2566.000;2543.330;2536.670;648.000;2606.670;2344.000;331.000;2593.330
632;1;632;1;0;-99999.000;-99999.000;-99999.000;-99999.000;-99999.000;-99999.000;-99999.000;-99999.000
633;1;633;1;1;-99999.000;-99999.000;-99999.000;-99999.000;-99999.000;-99999.000;-99999.000;-99999.000
634;1;634;1;1;-99999.000;-99999.000;-99999.000;-99999.000;-99999.000;-99999.000;-99999.000;-99999.000
635;2;635;87;1;1;0;2685.370;2616.670;2616.670;966.000;2773.330;2319.000;348.000;2720.000
636;1;636;1;1;-99999.000;-99999.000;-99999.000;-99999.000;-99999.000;-99999.000;-99999.000;-99999.000
637;1;637;1;1;2347.750;2323.330;2303.330;1068.000;2426.670;2866.000;190.000;2406.670
638;1;638;1;0;-99999.000;-99999.000;-99999.000;-99999.000;-99999.000;-99999.000;-99999.000;-99999.000
639;1;639;1;1;-99999.000;-99999.000;-99999.000;-99999.000;-99999.000;-99999.000;-99999.000;-99999.000
640;1;640;1;1;-99999.000;-99999.000;-99999.000;-99999.000;-99999.000;-99999.000;-99999.000;-99999.000
641;1;641;1;1;-99999.000;-99999.000;-99999.000;-99999.000;-99999.000;-99999.000;-99999.000;-99999.000
642;1;642;1;0;-99999.000;-99999.000;-99999.000;-99999.000;-99999.000;-99999.000;-99999.000;-99999.000
643;1;643;1;0;-99999.000;-99999.000;-99999.000;-99999.000;-99999.000;-99999.000;-99999.000;-99999.000
644;1;644;1;1;2409.510;2613.330;2093.330;170.000;2613.330;1160.000;480.000;2236.670
645;1;645;1;1;-99999.000;-99999.000;-99999.000;-99999.000;-99999.000;-99999.000;-99999.000;-99999.000
646;1;646;1;0;622.380;630.000;503.330;15.000;740.000;589.000;168.000;503.330
647;1;647;1;1;-99999.000;-99999.000;-99999.000;-99999.000;-99999.000;-99999.000;-99999.000;-99999.000
648;1;648;1;0;-99999.000;-99999.000;-99999.000;-99999.000;-99999.000;-99999.000;-99999.000;-99999.000
649;1;649;1;1;2247.100;2310.000;2090.000;185.000;2356.670;1457.000;467.000;2150.000
650;2;650;660;1;1;0;2592.030;2683.330;2430.000;244.000;2686.670;1976.000;649.000;2496.670
651;1;651;1;0;-99999.000;-99999.000;-99999.000;-99999.000;-99999.000;-99999.000;-99999.000;-99999.000
652;1;652;1;1;2566.440;2573.330;2506.670;726.000;2606.670;3132.000;686.000;2566.670
653;1;653;1;1;-99999.000;-99999.000;-99999.000;-99999.000;-99999.000;-99999.000;-99999.000;-99999.000
654;1;654;1;0;2570.360;2510.000;2510.000;1060.000;2663.330;2385.000;204.000;2640.000
655;1;655;1;0;-99999.000;-99999.000;-99999.000;-99999.000;-99999.000;-99999.000;-99999.000;-99999.000
656;2;656;85;1;1;0;-99999.000;-99999.000;-99999.000;-99999.000;-99999.000;-99999.000;-99999.000;-99999.000
657;1;657;1;0;-99999.000;-99999.000;-99999.000;-99999.000;-99999.000;-99999.000;-99999.000;-99999.000
658;1;658;1;0;-99999.000;-99999.000;-99999.000;-99999.000;-99999.000;-99999.000;-99999.000;-99999.000
659;1;659;1;1;-99999.000;-99999.000;-99999.000;-99999.000;-99999.000;-99999.000;-99999.000;-99999.000
660;2;660;650;1;1;0;2592.030;2683.330;2430.000;244.000;2686.670;1976.000;649.000;2496.670
661;1;661;1;1;-99999.000;-99999.000;-99999.000;-99999.000;-99999.000;-99999.000;-99999.000;-99999.000
662;1;662;1;0;-99999.000;-99999.000;-99999.000;-99999.000;-99999.000;-99999.000;-99999.000;-99999.000
663;1;663;1;0;1738.710;2503.330;953.330;25.000;2503.330;349.000;163.000;953.330
664;2;664;150;1;1;0;2619.750;2620.000;2556.670;502.000;2676.670;2712.000;640.000;2556.670
665;1;665;1;0;-99999.000;-99999.000;-99999.000;-99999.000;-99999.000;-99999.000;-99999.000;-99999.000
666;1;666;1;0;-99999.000;-99999.000;-99999.000;-99999.000;-99999.000;-99999.000;-99999.000;-99999.000
667;1;667;1;0;-99999.000;-99999.000;-99999.000;-99999.000;-99999.000;-99999.000;-99999.000;-99999.000
668;1;668;1;0;-99999.000;-99999.000;-99999.000;-99999.000;-99999.000;-99999.000;-99999.000;-99999.000
669;1;669;1;1;-99999.000;-99999.000;-99999.000;-99999.000;-99999.000;-99999.000;-99999.000;-99999.000
670;1;670;1;0;2095.180;2250.000;1810.000;49.000;2303.330;1012.000;326.000;1810.000
671;1;671;1;1;-99999.000;-99999.000;-99999.000;-99999.000;-99999.000;-99999.000;-99999.000;-99999.000
672;1;672;1;1;-99999.000;-99999.000;-99999.000;-99999.000;-99999.000;-99999.000;-99999.000;-99999.000
673;1;673;1;0;-99999.000;-99999.000;-99999.000;-99999.000;-99999.000;-99999.000;-99999.000;-99999.000
674;1;674;1;1;-99999.000;-99999.000;-99999.000;-99999.000;-99999.000;-99999.000;-99999.000;-99999.000
675;1;675;1;0;-99999.000;-99999.000;-99999.000;-99999.000;-99999.000;-99999.000;-99999.000;-99999.000
676;1;676;1;0;2508.000;2720.000;2180.000;137.000;2730.000;1123.000;450.000;2210.000
677;1;677;1;1;-99999.000;-99999.000;-99999.000;-99999.000;-99999.000;-99999.000;-99999.000;-99999.000
678;1;678;1;1;-99999.000;-99999.000;-99999.000;-99999.000;-99999.000;-99999.000;-99999.000;-99999.000
679;1;679;1;0;2523.640;2470.000;2470.000;1061.000;2610.000;2414.000;266.000;2586.670
680;1;680;1;0;-99999.000;-99999.000;-99999.000;-99999.000;-99999.000;-99999.000;-99999.000;-99999.000
681;1;681;1;0;-99999.000;-99999.000;-99999.000;-99999.000;-99999.000;-99999.000;-99999.000;-99999.000
682;2;682;337;1;1;1;2063.780;2263.330;1770.000;181.000;2283.330;1831.000;527.000;1863.330
683;1;683;1;0;1996.900;2513.330;1426.670;113.000;2590.000;1015.000;336.000;1426.670
684;1;684;1;1;-99999.000;-99999.000;-99999.000;-99999.000;-99999.000;-99999.000;-99999.000;-99999.000
685;1;685;1;1;-99999.000;-99999.000;-99999.000;-99999.000;-99999.000;-99999.000;-99999.000;-99999.000
686;1;686;1;0;2582.630;2860.000;2240.000;51.000;2860.000;562.000;256.000;2240.000
687;1;687;1;1;-99999.000;-99999.000;-99999.000;-99999.000;-99999.000;-99999.000;-99999.000;-99999.000
688;1;688;1;0;-99999.000;-99999.000;-99999.000;-99999.000;-99999.000;-99999.000;-99999.000;-99999.000
689;1;689;1;0;2522.330;2516.670;2473.330;704.000;2563.330;2970.000;691.000;2496.670
690;2;690;203;1;1;0;2622.380;2596.670;2560.000;78.000;2713.330;1483.000;371.000;2560.000
691;1;691;1;0;-99999.000;-99999.000;-99999.000;-99999.000;-99999.000;-99999.000;-99999.000;-99999.000
692;1;692;1;0;-99999.000;-99999.000;-99999.000;-99999.000;-99999.000;-99999.000;-99999.000;-99999.000
693;1;693;1;1;-99999.000;-99999.000;-99999.000;-99999.000;-99999.000;-99999.000;-99999.000;-99999.000
694;1;694;1;1;-99999.000;-99999.000;-99999.000;-99999.000;-99999.000;-99999.000;-99999.000;-99999.000
695;1;695;1;1;-99999.000;-99999.000;-99999.000;-99999.000;-99999.000;-99999.000;-99999.000;-99999.000
696;1;696;1;0;-99999.000;-99999.000;-99999.000;-99999.000;-99999.000;-99999.000;-99999.000;-99999.000
697;1;697;1;1;-99999.000;-99999.000;-99999.000;-99999.000;-99999.000;-99999.000;-99999.000;-99999.000
698;1;698;1;0;2617.400;2666.670;2413.330;108.000;2733.330;1598.000;392.000;2413.330
699;1;699;1;0;-99999.000;-99999.000;-99999.000;-99999.000;-99999.000;-99999.000;-99999.000;-99999.000
700;1;700;1;0;-99999.000;-99999.000;-99999.000;-99999.000;-99999.000;-99999.000;-99999.000;-99999.000
701;1;701;1;1;-99999.000;-99999.000;-99999.000;-99999.000;-99999.000;-99999.000;-99999.000;-99999.000
702;1;702;1;0;-99999.000;-99999.000;-99999.000;-99999.000;-99999.000;-99999.000;-99999.000;-99999.000
703;1;703;1;0;233.810;763.330;-420.000;8.000;856.670;180.000;115.000;-403.330
704;1;704;1;0;2594.580;2540.000;2540.000;1163.000;2670.000;2849.000;175.000;2670.000
705;1;705;1;0;-99999.000;-99999.000;-99999.000;-99999.000;-99999.000;-99999.000;-99999.000;-99999.000
706;1;706;1;0;-99999.000;-99999.000;-99999.000;-99999.000;-99999.000;-99999.000;-99999.000;-99999.000
707;1;707;1;0;-99999.000;-99999.000;-99999.000;-99999.000;-99999.000;-99999.000;-99999.000;-99999.000
708;1;708;1;0;-99999.000;-99999.000;-99999.000;-99999.000;-99999.000;-99999.000;-99999.000;-99999.000
709;1;709;1;1;-99999.000;-99999.000;-99999.000;-99999.000;-99999.000;-99999.000;-99999.000;-99999.000
710;1;710;1;1;-99999.000;-99999.000;-99999.000;-99999.000;-99999.000;-99999.000;-99999.000;-99999.000
711;1;711;1;1;-99999.000;-99999.000;-99999.000;-99999.000;-99999.000;-99999.000;-99999.000;-99999.000
712;1;712;1;1;-99999.000;-99999.000;-99999.000;-99999.000;-99999.000;-99999.000;-99999.000;-99999.000
713;1;713;1;0;-99999.000;-99999.000;-99999.000;-99999.000;-99999.000;-99999.000;-99999.000;-99999.000
714;1;714;1;1;-99999.000;-99999.000;-99999.000;-99999.000;-99999.000;-99999.000;-99999.000;-99999.000
715;1;715;1;0;2670.250;2620.000;2616.670;744.000;2760.000;2073.000;276.000;2743.330
716;3;716;209;486;1;1;1;0;2618.110;2706.670;2333.330;161.000;2820.000;1365.000;381.000;2603.330
717;1;717;1;1;-99999.000;-99999.000;-99999.000;-99999.000;-99999.000;-99999.000;-99999.000;-99999.000
718;1;718;1;0;-99999.000;-99999.000;-99999.000;-99999.000;-99999.000;-99999.000;-99999.000;-99999.000
719;1;719;1;0;-99999.000;-99999.000;-99999.000;-99999.000;-99999.000;-99999.000;-99999.000;-99999.000
720;1;720;1;0;-99999.000;-99999.000;-99999.000;-99999.000;-99999.000;-99999.000;-99999.000;-99999.000
721;1;721;1;1;418.190;746.670;-40.000;0.000;746.670;242.000;169.000;-36.670
722;1;722;1;1;-99999.000;-99999.000;-99999.000;-99999.000;-99999.000;-99999.000;-99999.000;-99999.000
723;1;723;1;1;-99999.000;-99999.000;-99999.000;-99999.000;-99999.000;-99999.000;-99999.000;-99999.000
724;1;724;1;0;-99999.000;-99999.000;-99999.000;-99999.000;-99999.000;-99999.000;-99999.000;-99999.000
725;2;725;361;1;1;0;1916.030;2243.330;1410.000;42.000;2310.000;355.000;162.000;1770.000
726;1;726;1;0;-99999.000;-99999.000;-99999.000;-99999.000;-99999.000;-99999.000;-99999.000;-99999.000
727;1;727;1;0;-99999.000;-99999.000;-99999.000;-99999.000;-99999.000;-99999.000;-99999.000;-99999.000
728;1;728;1;0;-99999.000;-99999.000;-99999.000;-99999.000;-99999.000;-99999.000;-99999.000;-99999.000
729;2;729;531;1;1;0;1004.030;440.000;373.330;93.000;1636.670;278.000;40.000;1636.670
